1 0 0 3516 0 0
1 0 1 3634 7 3
1 1 0 3634 0 0
1 1 1 3655 6 4
2 0 0 4515 0 0
2 0 1 4632 2 9
2 1 0 4632 0 0
2 1 1 4653 2 8
3 0 0 5516 0 0
3 0 1 5633 2 8
3 1 0 5633 0 0
3 1 1 5653 2 8
4 0 0 6516 0 0
4 0 1 6634 2 8
4 1 0 6634 0 0
4 1 1 6654 2 8
5 0 0 7515 0 0
5 0 1 7632 2 8
5 1 0 7632 0 0
5 1 1 7653 2 8
6 0 0 8516 0 0
6 0 1 8635 0 10
6 1 0 8635 0 0
6 1 1 8656 0 8
7 0 0 9515 0 0
7 0 1 9633 5 4
7 1 0 9633 0 0
7 1 1 9654 0 8
8 0 0 10515 0 0
8 0 1 10628 5 5
8 1 0 10628 0 0
8 1 1 10649 5 8
9 0 0 11515 0 0
9 0 1 11629 5 5
9 1 0 11629 0 0
9 1 1 11649 5 8
10 0 0 12515 0 0
10 0 1 12627 5 5
10 1 0 12627 0 0
10 1 1 12646 5 8
11 0 0 13515 0 0
11 0 1 13626 5 6
11 1 0 13626 0 0
11 1 1 13645 5 6
12 0 0 14515 0 0
12 0 1 14625 6 6
12 1 0 14625 0 0
12 1 1 14645 5 6
13 0 0 15515 0 0
13 0 1 15625 5 6
13 1 0 15625 0 0
13 1 1 15644 5 6
14 0 0 16515 0 0
14 0 1 16626 4 5
14 1 0 16626 0 0
14 1 1 16646 4 6
15 0 0 17515 0 0
15 0 1 17626 3 4
15 1 0 17626 0 0
15 1 1 17646 4 6
16 0 0 18515 0 0
16 0 1 18626 4 4
16 1 0 18626 0 0
16 1 1 18646 4 6
17 0 0 19515 0 0
17 0 1 19626 4 3
17 1 0 19626 0 0
17 1 1 19646 4 4
18 0 0 20515 0 0
18 0 1 20626 5 4
18 1 0 20626 0 0
18 1 1 20645 5 4
19 0 0 21516 0 0
19 0 1 21627 5 3
19 1 0 21628 0 0
19 1 1 21647 6 4
20 0 0 22515 0 0
20 0 1 22631 6 3
20 1 0 22631 0 0
20 1 1 22651 6 4
21 0 0 23515 0 0
21 0 1 23631 7 4
21 1 0 23631 0 0
21 1 1 23651 7 4
22 0 0 24516 0 0
22 0 1 24632 7 3
22 1 0 24632 0 0
22 1 1 24652 7 3
23 0 0 25515 0 0
23 0 1 25631 7 3
23 1 0 25631 0 0
23 1 1 25652 7 3
24 0 0 26515 0 0
24 0 1 26631 7 3
24 1 0 26631 0 0
24 1 1 26652 7 3
25 0 0 27515 0 0
25 0 1 27634 10 0
25 1 0 27634 0 0
25 1 1 27655 10 3
26 0 0 28515 0 0
26 0 1 28632 7 2
26 1 0 28632 0 0
26 1 1 28652 7 2
27 0 0 29515 0 0
27 0 1 29634 10 10
27 1 0 29634 0 0
27 1 1 29655 10 2
28 0 0 30515 0 0
28 0 1 30633 10 0
28 1 0 30634 0 0
28 1 1 30655 10 2
29 0 0 31515 0 0
29 0 1 31631 7 0
29 1 0 31631 0 0
29 1 1 31652 8 2
30 0 0 32515 0 0
30 0 1 32628 5 2
30 1 0 32628 0 0
30 1 1 32648 6 4
31 0 0 33515 0 0
31 0 1 33628 6 3
31 1 0 33628 0 0
31 1 1 33647 6 4
32 0 0 34515 0 0
32 0 1 34634 10 10
32 1 0 34634 0 0
32 1 1 34655 10 4
33 0 0 35515 0 0
33 0 1 35633 4 5
33 1 0 35633 0 0
33 1 1 35654 10 4
34 0 0 36515 0 0
34 0 1 36631 7 2
34 1 0 36631 0 0
34 1 1 36651 7 2
35 0 0 37515 0 0
35 0 1 37632 7 2
35 1 0 37632 0 0
35 1 1 37652 7 2
36 0 0 38515 0 0
36 0 1 38631 7 3
36 1 0 38631 0 0
36 1 1 38652 7 2
37 0 0 39516 0 0
37 0 1 39630 5 5
37 1 0 39630 0 0
37 1 1 39650 5 2
38 0 0 40515 0 0
38 0 1 40627 5 8
38 1 0 40627 0 0
38 1 1 40647 5 6
39 0 0 41515 0 0
39 0 1 41627 5 9
39 1 0 41627 0 0
39 1 1 41648 5 7
40 0 0 42515 0 0
40 0 1 42629 6 9
40 1 0 42629 0 0
40 1 1 42649 6 7
41 0 0 43515 0 0
41 0 1 43634 10 0
41 1 0 43634 0 0
41 1 1 43655 10 7
42 0 0 44515 0 0
42 0 1 44634 7 5
42 1 0 44634 0 0
42 1 1 44655 0 0
43 0 0 45515 0 0
43 0 1 45628 7 7
43 1 0 45628 0 0
43 1 1 45648 7 7
44 0 0 46515 0 0
44 0 1 46634 10 10
44 1 0 46634 0 0
44 1 1 46655 10 10
45 0 0 47515 0 0
45 0 1 47634 10 10
45 1 0 47634 0 0
45 1 1 47655 10 10
46 0 0 48516 0 0
46 0 1 48635 10 0
46 1 0 48635 0 0
46 1 1 48656 10 10
47 0 0 49515 0 0
47 0 1 49633 8 10
47 1 0 49633 0 0
47 1 1 49654 9 9
48 0 0 50515 0 0
48 0 1 50633 9 10
48 1 0 50633 0 0
48 1 1 50654 9 10
49 0 0 51515 0 0
49 0 1 51633 9 10
49 1 0 51633 0 0
49 1 1 51654 10 10
50 0 0 52515 0 0
50 0 1 52633 0 5
50 1 0 52633 0 0
50 1 1 52654 10 10
51 0 0 53515 0 0
51 0 1 53632 7 10
51 1 0 53632 0 0
51 1 1 53652 8 8
52 0 0 54515 0 0
52 0 1 54634 10 0
52 1 0 54634 0 0
52 1 1 54655 10 8
53 0 0 55515 0 0
53 0 1 55627 4 7
53 1 0 55628 0 0
53 1 1 55647 4 7
54 0 0 56515 0 0
54 0 1 56629 4 8
54 1 0 56629 0 0
54 1 1 56649 3 7
55 0 0 57515 0 0
55 0 1 57634 0 0
55 1 0 57634 0 0
55 1 1 57655 0 7
56 0 0 58515 0 0
56 0 1 58633 2 10
56 1 0 58633 0 0
56 1 1 58653 2 9
57 0 0 59515 0 0
57 0 1 59634 0 0
57 1 0 59634 0 0
57 1 1 59655 0 9
58 0 0 60515 0 0
58 0 1 60633 7 10
58 1 0 60633 0 0
58 1 1 60655 7 3
59 0 0 61515 0 0
59 0 1 61633 1 10
59 1 0 61633 0 0
59 1 1 61654 1 10
60 0 0 62515 0 0
60 0 1 62633 1 10
60 1 0 62633 0 0
60 1 1 62654 1 10
61 0 0 63515 0 0
61 0 1 63633 1 10
61 1 0 63633 0 0
61 1 1 63654 1 10
62 0 0 64516 0 0
62 0 1 64634 0 9
62 1 0 64634 0 0
62 1 1 64655 0 10
63 0 0 65515 0 0
63 0 1 65632 0 9
63 1 0 65632 0 0
63 1 1 65653 0 10
64 0 0 66515 0 0
64 0 1 66627 3 7
64 1 0 66627 0 0
64 1 1 66647 4 10
65 0 0 67515 0 0
65 0 1 67634 0 0
65 1 0 67634 0 0
65 1 1 67655 0 10
66 0 0 68515 0 0
66 0 1 68634 3 5
66 1 0 68634 0 0
66 1 1 68655 10 0
67 0 0 69516 0 0
67 0 1 69635 0 10
67 1 0 69635 0 0
67 1 1 69656 0 0
68 0 0 70515 0 0
68 0 1 70624 5 4
68 1 0 70624 0 0
68 1 1 70644 5 0
69 0 0 71515 0 0
69 0 1 71625 4 3
69 1 0 71625 0 0
69 1 1 71647 4 4
70 0 0 72515 0 0
70 0 1 72633 6 8
70 1 0 72633 0 0
70 1 1 72654 10 10
71 0 0 73515 0 0
71 0 1 73634 0 0
71 1 0 73634 0 0
71 1 1 73655 0 10
72 0 0 74515 0 0
72 0 1 74633 3 5
72 1 0 74633 0 0
72 1 1 74654 10 10
73 0 0 75516 0 0
73 0 1 75633 1 1
73 1 0 75633 0 0
73 1 1 75653 1 1
74 0 0 76515 0 0
74 0 1 76633 3 5
74 1 0 76633 0 0
74 1 1 76654 10 10
75 0 0 77515 0 0
75 0 1 77633 5 10
75 1 0 77633 0 0
75 1 1 77654 0 0
76 0 0 78515 0 0
76 0 1 78634 0 0
76 1 0 78634 0 0
76 1 1 78655 0 0
77 0 0 79515 0 0
77 0 1 79633 8 5
77 1 0 79633 0 0
77 1 1 79655 5 0
78 0 0 80516 0 0
78 0 1 80633 2 1
78 1 0 80634 0 0
78 1 1 80654 2 2
79 0 0 81515 0 0
79 0 1 81632 2 0
79 1 0 81632 0 0
79 1 1 81653 2 1
80 0 0 82515 0 0
80 0 1 82634 0 10
80 1 0 82634 0 0
80 1 1 82655 0 1
81 0 0 83515 0 0
81 0 1 83634 0 10
81 1 0 83634 0 0
81 1 1 83655 0 1
82 0 0 84515 0 0
82 0 1 84632 2 1
82 1 0 84632 0 0
82 1 1 84652 2 2
83 0 0 85515 0 0
83 0 1 85634 0 10
83 1 0 85634 0 0
83 1 1 85655 0 2
84 0 0 86515 0 0
84 0 1 86632 2 1
84 1 0 86632 0 0
84 1 1 86653 2 2
85 0 0 87515 0 0
85 0 1 87633 0 0
85 1 0 87634 0 0
85 1 1 87655 0 0
86 0 0 88516 0 0
86 0 1 88634 4 8
86 1 0 88634 0 0
86 1 1 88655 3 3
87 0 0 89515 0 0
87 0 1 89627 3 4
87 1 0 89627 0 0
87 1 1 89648 4 3
88 0 0 90515 0 0
88 0 1 90625 5 5
88 1 0 90625 0 0
88 1 1 90644 5 3
89 0 0 91515 0 0
89 0 1 91626 4 5
89 1 0 91626 0 0
89 1 1 91646 5 3
90 0 0 92516 0 0
90 0 1 92627 4 6
90 1 0 92627 0 0
90 1 1 92646 4 6
91 0 0 93515 0 0
91 0 1 93628 3 8
91 1 0 93628 0 0
91 1 1 93648 4 7
92 0 0 94515 0 0
92 0 1 94627 4 8
92 1 0 94627 0 0
92 1 1 94647 4 7
93 0 0 95515 0 0
93 0 1 95626 4 7
93 1 0 95626 0 0
93 1 1 95646 4 6
94 0 0 96515 0 0
94 0 1 96627 4 7
94 1 0 96628 0 0
94 1 1 96647 4 6
95 0 0 97515 0 0
95 0 1 97627 5 8
95 1 0 97627 0 0
95 1 1 97647 4 6
96 0 0 98515 0 0
96 0 1 98626 5 7
96 1 0 98626 0 0
96 1 1 98646 5 6
97 0 0 99515 0 0
97 0 1 99627 5 8
97 1 0 99627 0 0
97 1 1 99647 5 6
98 0 0 100515 0 0
98 0 1 100628 4 9
98 1 0 100628 0 0
98 1 1 100648 4 7
99 0 0 101515 0 0
99 0 1 101628 4 8
99 1 0 101628 0 0
99 1 1 101648 4 7
100 0 0 102515 0 0
100 0 1 102628 4 8
100 1 0 102628 0 0
100 1 1 102648 4 7
101 0 0 103515 0 0
101 0 1 103627 4 8
101 1 0 103628 0 0
101 1 1 103647 4 7
102 0 0 104515 0 0
102 0 1 104629 4 10
102 1 0 104629 0 0
102 1 1 104649 4 7
103 0 0 105515 0 0
103 0 1 105628 4 9
103 1 0 105628 0 0
103 1 1 105648 4 7
104 0 0 106515 0 0
104 0 1 106626 4 8
104 1 0 106626 0 0
104 1 1 106646 5 6
