0 0 0 0 0 
2 1769 -12 10 0
1 1859 -13 0 0
3 1869 -27 10 10
4 1905 -37 0 10
2 2015 -12 10 0
1 2111 -13 0 0
3 2126 -25 10 10
4 2155 -39 0 10
2 2272 -12 10 0
1 2358 -13 0 0
3 2376 -23 10 10
4 2402 -40 0 10
2 2515 -12 10 0
1 2606 -9 0 0
3 2621 -23 10 10
4 2655 -39 0 10
2 2772 -12 10 0
1 2860 -13 0 0
3 2870 -23 10 10
4 2902 -39 0 10
2 3020 -12 10 0
1 3104 -13 0 0
3 3122 -23 10 10
4 3159 -37 0 10
2 3269 -12 10 0
1 3354 -13 0 0
3 3372 -23 10 10
4 3410 -45 0 10
2 3520 -12 10 0
1 3608 -13 0 0
3 3623 -23 10 10
4 3653 -43 0 10
2 3770 -12 10 0
1 3855 -13 0 0
3 3875 -23 10 10
4 3902 -41 0 10
2 4022 -12 10 0
1 4112 -9 0 0
3 4128 -23 10 10
4 4154 -39 0 10
2 4267 -12 10 0
1 4359 -13 0 0
3 4374 -23 10 10
4 4409 -38 0 10
2 4519 -12 10 0
1 4607 -12 0 0
3 4620 -23 10 10
4 4654 -45 0 10
2 4772 -12 10 0
1 4860 -13 0 0
3 4875 -23 10 10
2 5046 -12 10 0
1 5103 -13 0 0
3 5123 -23 10 10
4 5153 -46 0 10
2 5272 -12 10 0
1 5361 -12 0 0
3 5376 -23 10 10
4 5408 -45 0 10
2 5518 -12 10 0
1 5608 -12 0 0
3 5619 -23 10 10
4 5656 -43 0 10
2 5769 -12 10 0
1 5855 -12 0 0
3 5877 -23 10 10
4 5906 -44 0 10
2 6019 -12 10 0
1 6106 -13 0 0
3 6123 -23 10 10
4 6159 -43 0 10
2 6264 -12 10 0
1 6362 -13 0 0
3 6372 -23 10 10
4 6403 -45 0 10
2 6518 -12 10 0
1 6611 -13 0 0
3 6625 -23 10 10
4 6654 -45 0 10
2 6771 -12 10 0
1 6862 -12 0 0
3 6875 -23 10 10
2 7046 -12 10 0
1 7109 -12 0 0
3 7123 -23 10 10
4 7161 -45 0 10
2 7270 -12 10 0
1 7362 -12 0 0
3 7370 -23 10 10
4 7408 -44 0 10
2 7520 -12 10 0
1 7606 -12 0 0
3 7627 -23 10 10
4 7655 -41 0 10
2 7765 -12 10 0
1 7862 -12 0 0
3 7874 -23 10 10
4 7909 -42 0 10
2 8017 -12 10 0
1 8109 -9 0 0
3 8119 -23 10 10
4 8157 -39 0 10
2 8267 -12 10 0
1 8356 -12 0 0
3 8376 -23 10 10
4 8406 -42 0 10
2 8516 -12 10 0
1 8609 -13 0 0
3 8628 -23 10 10
2 8764 -12 10 0
1 8854 -13 0 0
3 8878 -23 10 10
2 9046 -12 10 0
1 9107 -13 0 0
3 9120 -23 10 10
4 9152 -39 0 10
2 9273 -12 10 0
1 9361 -12 0 0
3 9377 -23 10 10
4 9402 -42 0 10
2 9522 -12 10 0
1 9604 -13 0 0
3 9622 -23 10 10
4 9657 -40 0 10
2 9771 -12 10 0
1 9860 -13 0 0
3 9878 -23 10 10
4 9907 -37 0 10
2 10016 -12 10 0
1 10108 -12 0 0
3 10127 -23 10 10
4 10160 -45 0 10
2 10264 -12 10 0
1 10353 -8 0 0
3 10376 -23 10 10
4 10405 -43 0 10
2 10521 -12 10 0
1 10609 -12 0 0
3 10622 -23 10 10
4 10658 -41 0 10
2 10764 -12 10 0
1 10853 -13 0 0
3 10876 -23 10 10
2 11042 -12 10 0
1 11112 -12 0 0
3 11126 -25 10 10
4 11160 -39 0 10
2 11270 -12 10 0
1 11356 -12 0 0
3 11377 -26 10 10
4 11411 -42 0 10
2 11518 -12 10 0
1 11606 -12 0 0
3 11622 -25 10 10
4 11660 -38 0 10
2 11766 -12 10 0
1 11858 -9 0 0
3 11869 -25 10 10
4 11908 -41 0 10
2 12018 -12 10 0
1 12106 -12 0 0
3 12124 -25 10 10
4 12152 -41 0 10
2 12268 -12 10 0
1 12355 -12 0 0
3 12372 -23 10 10
4 12408 -42 0 10
2 12519 -12 10 0
1 12607 -13 0 0
3 12628 -23 10 10
4 12659 -44 0 10
2 12764 -12 10 0
1 12861 -13 0 0
3 12879 -23 10 10
4 12903 -40 0 10
1 13111 -12 0 0
3 13128 -23 10 10
4 13152 -44 0 10
2 13267 -12 10 0
1 13359 -13 0 0
3 13373 -24 10 10
4 13404 -39 0 10
2 13520 -12 10 0
1 13608 -13 0 0
3 13626 -23 10 10
4 13654 -44 0 10
2 13769 -12 10 0
1 13853 -13 0 0
3 13875 -24 10 10
4 13905 -39 0 10
2 14023 -12 10 0
1 14111 -12 0 0
3 14127 -23 10 10
4 14158 -44 0 10
2 14271 -12 10 0
1 14357 -12 0 0
3 14378 -23 10 10
4 14411 -45 0 10
2 14519 -12 10 0
1 14607 -12 0 0
3 14622 -23 10 10
4 14656 -42 0 10
2 14765 -12 10 0
1 14859 -13 0 0
3 14877 -23 10 10
4 14902 -42 0 10
1 15108 -12 0 0
3 15124 -23 10 10
4 15158 -41 0 10
2 15268 -12 10 0
1 15359 -9 0 0
3 15370 -23 10 10
4 15405 -45 0 10
2 15516 -12 10 0
1 15605 -9 0 0
3 15621 -23 10 10
4 15658 -39 0 10
2 15771 -12 10 0
1 15862 -9 0 0
3 15871 -23 10 10
4 15902 -39 0 10
2 16017 -12 10 0
1 16111 -9 0 0
3 16126 -23 10 10
4 16159 -39 0 10
2 16271 -12 10 0
1 16359 -13 0 0
3 16377 -23 10 10
4 16405 -39 0 10
2 16522 -12 10 0
1 16612 -9 0 0
3 16629 -23 10 10
4 16654 -44 0 10
2 16766 -12 10 0
1 16854 -9 0 0
3 16878 -23 10 10
2 17046 -12 10 0
1 17109 -9 0 0
3 17127 -22 10 10
4 17157 -46 0 10
2 17270 -12 10 0
1 17359 -9 0 0
3 17375 -23 10 10
4 17405 -43 0 10
2 17518 -12 10 0
1 17609 -13 0 0
3 17627 -23 10 10
4 17652 -43 0 10
2 17772 -12 10 0
1 17856 -13 0 0
3 17877 -23 10 10
4 17909 -39 0 10
2 18019 -12 10 0
1 18107 -9 0 0
3 18127 -23 10 10
4 18156 -39 0 10
2 18270 -12 10 0
1 18354 -9 0 0
3 18378 -23 10 10
4 18402 -39 0 10
2 18517 -12 10 0
1 18608 -9 0 0
3 18627 -23 10 10
4 18658 -39 0 10
2 18770 -12 10 0
1 18855 -9 0 0
3 18877 -23 10 10
2 19046 -12 10 0
1 19112 -9 0 0
3 19125 -22 10 10
4 19160 -41 0 10
2 19267 -12 10 0
1 19356 -9 0 0
3 19378 -23 10 10
4 19402 -45 0 10
2 19515 -12 10 0
1 19606 -12 0 0
3 19619 -23 10 10
4 19659 -44 0 10
2 19770 -12 10 0
1 19857 -9 0 0
3 19874 -23 10 10
4 19904 -45 0 10
2 20022 -12 10 0
1 20110 -9 0 0
3 20123 -23 10 10
4 20160 -45 0 10
2 20273 -12 10 0
1 20360 -9 0 0
3 20375 -22 10 10
4 20409 -41 0 10
2 20523 -12 10 0
1 20609 -9 0 0
3 20621 -21 10 10
4 20658 -42 0 10
2 20768 -12 10 0
1 20857 -13 0 0
3 20872 -23 10 10
2 21046 -12 10 0
1 21112 -12 0 0
3 21129 -23 10 10
4 21159 -37 0 10
2 21264 -12 10 0
1 21360 -12 0 0
3 21378 -23 10 10
4 21408 -39 0 10
2 21519 -12 10 0
1 21610 -12 0 0
3 21627 -23 10 10
4 21659 -35 0 10
2 21771 -12 10 0
1 21856 -12 0 0
3 21869 -23 10 10
4 21904 -35 0 10
2 22018 -12 10 0
1 22109 -13 0 0
3 22123 -23 10 10
4 22151 -35 0 10
2 22266 -12 10 0
1 22356 -9 0 0
3 22376 -24 10 10
4 22406 -37 0 10
2 22521 -12 10 0
1 22607 -9 0 0
3 22621 -23 10 10
4 22655 -38 0 10
2 22764 -12 10 0
1 22854 -13 0 0
3 22872 -23 10 10
2 23046 -12 10 0
1 23106 -9 0 0
3 23126 -23 10 10
4 23161 -41 0 10
2 23268 -12 10 0
1 23361 -9 0 0
3 23370 -23 10 10
4 23410 -39 0 10
2 23516 -12 10 0
1 23612 -12 0 0
3 23623 -23 10 10
4 23655 -44 0 10
2 23773 -12 10 0
1 23861 -12 0 0
3 23876 -25 10 10
2 24019 -12 10 0
1 24111 -12 0 0
3 24121 -24 10 10
4 24157 -40 0 10
2 24268 -12 10 0
1 24359 -12 0 0
3 24373 -24 10 10
4 24409 -34 0 10
2 24520 -11 10 0
1 24604 -9 0 0
3 24624 -25 10 10
4 24660 -34 0 10
2 24764 -12 10 0
1 24857 -9 0 0
3 24875 -23 10 10
2 25047 -12 10 0
1 25108 -13 0 0
3 25121 -23 10 10
4 25160 -33 0 10
2 25268 -12 10 0
1 25354 -11 0 0
3 25369 -23 10 10
4 25406 -34 0 10
2 25516 -12 10 0
1 25608 -11 0 0
3 25624 -23 10 10
4 25652 -39 0 10
2 25767 -12 10 0
1 25854 -10 0 0
3 25870 -23 10 10
4 25903 -35 0 10
2 26023 -12 10 0
1 26107 -9 0 0
3 26122 -22 10 10
4 26153 -34 0 10
2 26272 -12 10 0
1 26358 -11 0 0
3 26373 -23 10 10
4 26408 -37 0 10
2 26522 -12 10 0
1 26611 -11 0 0
3 26627 -27 10 10
4 26659 -42 0 10
2 26769 -15 10 0
1 26859 -9 0 0
3 26870 -21 10 10
2 27047 -15 10 0
1 27110 -11 0 0
3 27123 -25 10 10
4 27160 -33 0 10
2 27266 -9 10 0
1 27359 -11 0 0
3 27374 -21 10 10
4 27409 -34 0 10
2 27522 -11 10 0
1 27608 -11 0 0
3 27623 -27 10 10
4 27657 -33 0 10
2 27770 -10 10 0
1 27854 -11 0 0
3 27877 -31 10 10
4 27909 -35 0 10
2 28016 -11 10 0
1 28107 -15 0 0
3 28123 -31 10 10
4 28159 -35 0 10
2 28270 -10 10 0
1 28353 -15 0 0
3 28376 -27 10 10
4 28410 -31 0 10
2 28514 -11 10 0
1 28608 -13 0 0
3 28627 -29 10 10
4 28660 -33 0 10
2 28768 -12 10 0
1 28859 -10 0 0
3 28872 -37 10 10
2 29048 -12 10 0
1 29111 -13 0 0
3 29120 -32 10 10
4 29159 -35 0 10
2 29265 -11 10 0
1 29360 -12 0 0
3 29374 -27 10 10
4 29407 -35 0 10
2 29520 -11 10 0
1 29607 -10 0 0
3 29623 -24 10 10
2 29769 -10 10 0
1 29856 -12 0 0
3 29879 -23 10 10
4 29901 -40 0 10
2 30013 -11 10 0
1 30108 -9 0 0
3 30128 -23 10 10
4 30156 -37 0 10
2 30270 -11 10 0
1 30354 -10 0 0
3 30377 -22 10 10
4 30406 -34 0 10
2 30514 -11 10 0
1 30605 -13 0 0
3 30624 -23 10 10
4 30658 -36 0 10
2 30773 -12 10 0
1 30860 -9 0 0
3 30872 -21 10 10
4 30903 -45 0 10
1 31105 -9 0 0
3 31125 -23 10 10
4 31155 -37 0 10
2 31267 -12 10 0
1 31361 -9 0 0
3 31373 -23 10 10
4 31411 -39 0 10
2 31518 -11 10 0
1 31606 -9 0 0
3 31626 -21 10 10
2 31766 -11 10 0
1 31859 -12 0 0
3 31874 -23 10 10
4 31909 -42 0 10
2 32016 -13 10 0
1 32109 -9 0 0
3 32125 -23 10 10
4 32152 -42 0 10
2 32267 -11 10 0
1 32354 -8 0 0
3 32377 -25 10 10
4 32405 -39 0 10
2 32521 -12 10 0
1 32612 -13 0 0
3 32620 -23 10 10
4 32658 -38 0 10
2 32771 -13 10 0
1 32856 -9 0 0
3 32873 -23 10 10
4 32903 -39 0 10
1 33111 -13 0 0
3 33126 -24 10 10
2 33269 -9 10 0
1 33361 -9 0 0
3 33373 -23 10 10
4 33409 -44 0 10
2 33514 -13 10 0
1 33611 -12 0 0
3 33623 -23 10 10
4 33653 -43 0 10
2 33771 -11 10 0
1 33857 -12 0 0
3 33870 -23 10 10
4 33906 -44 0 10
2 34017 -11 10 0
1 34111 -9 0 0
3 34127 -23 10 10
4 34158 -46 0 10
2 34268 -12 10 0
1 34358 -12 0 0
3 34372 -23 10 10
4 34403 -45 0 10
2 34520 -12 10 0
1 34609 -13 0 0
3 34628 -23 10 10
4 34655 -40 0 10
2 34769 -13 10 0
1 34859 -13 0 0
3 34874 -23 10 10
2 35041 -12 10 0
1 35107 -12 0 0
3 35125 -23 10 10
4 35157 -41 0 10
2 35266 -12 10 0
1 35359 -9 0 0
3 35373 -23 10 10
4 35403 -37 0 10
2 35523 -12 10 0
1 35612 -9 0 0
3 35623 -23 10 10
4 35652 -45 0 10
2 35772 -12 10 0
1 35855 -13 0 0
3 35874 -23 10 10
4 35906 -42 0 10
2 36019 -12 10 0
1 36110 -12 0 0
3 36120 -23 10 10
4 36152 -41 0 10
2 36273 -11 10 0
1 36360 -9 0 0
3 36370 -23 10 10
4 36404 -47 0 10
2 36515 -12 10 0
1 36605 -9 0 0
3 36621 -24 10 10
4 36656 -44 0 10
2 36770 -13 10 0
1 36861 -13 0 0
3 36869 -23 10 10
2 37046 -12 10 0
1 37110 -13 0 0
3 37120 -23 10 10
4 37152 -45 0 10
2 37269 -12 10 0
1 37356 -13 0 0
3 37370 -22 10 10
4 37405 -45 0 10
2 37517 -14 10 0
1 37608 -13 0 0
3 37626 -23 10 10
4 37656 -42 0 10
2 37768 -12 10 0
1 37859 -9 0 0
3 37871 -23 10 10
4 37905 -41 0 10
2 38015 -12 10 0
1 38103 -9 0 0
3 38128 -23 10 10
4 38159 -39 0 10
2 38269 -12 10 0
1 38359 -13 0 0
3 38375 -23 10 10
4 38405 -42 0 10
2 38516 -12 10 0
1 38609 -8 0 0
3 38628 -23 10 10
2 38773 -12 10 0
1 38859 -13 0 0
3 38874 -23 10 10
2 39046 -12 10 0
1 39104 -13 0 0
3 39125 -23 10 10
4 39154 -45 0 10
2 39267 -12 10 0
1 39360 -13 0 0
3 39379 -21 10 10
4 39403 -44 0 10
2 39517 -12 10 0
1 39611 -9 0 0
3 39622 -23 10 10
4 39656 -35 0 10
2 39771 -12 10 0
1 39853 -13 0 0
3 39872 -21 10 10
4 39905 -36 0 10
2 40021 -12 10 0
1 40107 -13 0 0
3 40127 -21 10 10
4 40161 -42 0 10
2 40270 -12 10 0
1 40354 -13 0 0
3 40376 -19 10 10
4 40410 -45 0 10
2 40518 -12 10 0
1 40607 -12 0 0
3 40626 -23 10 10
4 40659 -40 0 10
2 40773 -12 10 0
1 40854 -12 0 0
3 40873 -21 10 10
2 41046 -12 10 0
1 41110 -12 0 0
3 41128 -25 10 10
4 41154 -44 0 10
2 41270 -12 10 0
1 41361 -13 0 0
3 41370 -21 10 10
4 41408 -41 0 10
2 41516 -12 10 0
1 41610 -8 0 0
3 41628 -21 10 10
4 41656 -45 0 10
2 41770 -12 10 0
1 41859 -13 0 0
3 41878 -21 10 10
4 41908 -40 0 10
2 42016 -12 10 0
1 42104 -12 0 0
3 42126 -21 10 10
4 42156 -41 0 10
2 42268 -12 10 0
1 42357 -13 0 0
3 42372 -21 10 10
4 42408 -46 0 10
2 42515 -12 10 0
1 42603 -8 0 0
3 42621 -21 10 10
4 42659 -45 0 10
2 42767 -12 10 0
1 42854 -13 0 0
3 42870 -23 10 10
4 42903 -43 0 10
1 43103 -13 0 0
3 43124 -23 10 10
4 43155 -46 0 10
2 43272 -12 10 0
1 43362 -12 0 0
3 43375 -21 10 10
4 43408 -47 0 10
2 43521 -11 10 0
1 43610 -12 0 0
3 43622 -21 10 10
4 43656 -47 0 10
2 43771 -12 10 0
1 43855 -12 0 0
3 43871 -21 10 10
4 43905 -42 0 10
2 44020 -12 10 0
1 44105 -13 0 0
3 44122 -21 10 10
4 44153 -42 0 10
2 44265 -11 10 0
1 44356 -13 0 0
3 44376 -23 10 10
4 44409 -40 0 10
2 44518 -12 10 0
1 44613 -12 0 0
3 44624 -23 10 10
4 44654 -41 0 10
2 44769 -12 10 0
1 44856 -13 0 0
3 44870 -27 10 10
2 45045 -12 10 0
1 45110 -13 0 0
3 45124 -30 10 10
4 45156 -36 0 10
2 45268 -12 10 0
1 45354 -13 0 0
3 45378 -24 10 10
4 45407 -37 0 10
2 45514 -12 10 0
1 45611 -13 0 0
3 45620 -31 10 10
4 45655 -44 0 10
2 45767 -12 10 0
1 45859 -12 0 0
3 45874 -25 10 10
4 45905 -37 0 10
2 46019 -12 10 0
1 46109 -12 0 0
3 46129 -24 10 10
4 46156 -46 0 10
2 46271 -12 10 0
1 46361 -11 0 0
3 46374 -25 10 10
4 46402 -46 0 10
2 46519 -12 10 0
1 46611 -11 0 0
3 46624 -23 10 10
4 46652 -41 0 10
2 46771 -12 10 0
1 46857 -11 0 0
3 46875 -23 10 10
2 47041 -12 10 0
1 47104 -12 0 0
3 47125 -23 10 10
4 47152 -42 0 10
2 47268 -12 10 0
1 47356 -12 0 0
3 47376 -24 10 10
2 47515 -12 10 0
1 47603 -12 0 0
3 47624 -23 10 10
4 47652 -47 0 10
2 47768 -12 10 0
1 47862 -12 0 0
3 47872 -23 10 10
4 47908 -40 0 10
2 48014 -12 10 0
1 48104 -13 0 0
3 48124 -23 10 10
4 48154 -41 0 10
2 48269 -12 10 0
1 48356 -12 0 0
3 48369 -23 10 10
4 48410 -33 0 10
2 48520 -12 10 0
1 48609 -12 0 0
3 48626 -23 10 10
4 48658 -35 0 10
2 48772 -12 10 0
1 48857 -12 0 0
3 48879 -25 10 10
2 49046 -12 10 0
1 49105 -12 0 0
3 49129 -23 10 10
4 49156 -41 0 10
2 49268 -11 10 0
1 49363 -12 0 0
3 49372 -23 10 10
2 49516 -11 10 0
1 49607 -13 0 0
3 49628 -23 10 10
4 49661 -43 0 10
2 49769 -12 10 0
1 49860 -12 0 0
3 49874 -23 10 10
4 49904 -38 0 10
2 50014 -12 10 0
1 50110 -13 0 0
3 50123 -23 10 10
4 50154 -37 0 10
2 50266 -12 10 0
1 50362 -12 0 0
3 50375 -24 10 10
4 50410 -39 0 10
2 50520 -12 10 0
1 50605 -12 0 0
3 50624 -24 10 10
4 50658 -35 0 10
2 50766 -12 10 0
1 50862 -12 0 0
3 50870 -25 10 10
2 51047 -12 10 0
1 51107 -12 0 0
3 51122 -25 10 10
4 51155 -33 0 10
2 51267 -12 10 0
1 51360 -12 0 0
3 51376 -23 10 10
2 51519 -12 10 0
1 51607 -12 0 0
3 51620 -23 10 10
4 51652 -39 0 10
2 51770 -12 10 0
1 51855 -12 0 0
3 51873 -23 10 10
4 51911 -37 0 10
2 52014 -12 10 0
1 52105 -12 0 0
3 52125 -23 10 10
4 52160 -36 0 10
2 52272 -12 10 0
1 52353 -13 0 0
3 52376 -24 10 10
4 52408 -37 0 10
2 52517 -12 10 0
1 52606 -13 0 0
3 52627 -23 10 10
4 52655 -35 0 10
2 52771 -12 10 0
1 52860 -12 0 0
3 52877 -25 10 10
4 52903 -40 0 10
1 53112 -13 0 0
3 53128 -23 10 10
4 53152 -45 0 10
2 53272 -12 10 0
1 53361 -12 0 0
3 53376 -24 10 10
4 53406 -47 0 10
2 53518 -12 10 0
1 53608 -12 0 0
3 53625 -24 10 10
4 53658 -46 0 10
2 53772 -12 10 0
1 53854 -12 0 0
3 53874 -23 10 10
2 54019 -12 10 0
1 54109 -12 0 0
3 54121 -23 10 10
2 54270 -12 10 0
1 54358 -12 0 0
3 54373 -23 10 10
2 54519 -12 10 0
1 54606 -13 0 0
3 54619 -23 10 10
2 54767 -12 10 0
1 54860 -12 0 0
3 54873 -23 10 10
2 55041 -12 10 0
1 55110 -13 0 0
3 55127 -23 10 10
2 55272 -12 10 0
1 55358 -13 0 0
3 55374 -24 10 10
2 55515 -12 10 0
1 55609 -13 0 0
3 55621 -24 10 10
4 55661 -47 0 10
2 55771 -12 10 0
1 55862 -12 0 0
3 55870 -24 10 10
4 55903 -42 0 10
2 56021 -12 10 0
1 56108 -12 0 0
3 56125 -25 10 10
2 56265 -12 10 0
1 56356 -12 0 0
3 56369 -24 10 10
2 56522 -12 10 0
1 56613 -13 0 0
3 56623 -24 10 10
2 56771 -12 10 0
1 56858 -12 0 0
3 56876 -23 10 10
2 57046 -12 10 0
1 57107 -13 0 0
3 57122 -24 10 10
4 57158 -48 0 10
2 57269 -12 10 0
1 57357 -12 0 0
3 57378 -23 10 10
2 57520 -12 10 0
1 57606 -12 0 0
3 57622 -24 10 10
2 57764 -12 10 0
1 57861 -12 0 0
3 57878 -24 10 10
2 58020 -12 10 0
1 58107 -12 0 0
3 58127 -23 10 10
2 58269 -12 10 0
1 58362 -12 0 0
3 58377 -24 10 10
2 58519 -12 10 0
1 58605 -12 0 0
3 58622 -25 10 10
2 58764 -12 10 0
1 58856 -12 0 0
3 58873 -25 10 10
2 59041 -12 10 0
1 59106 -13 0 0
3 59128 -24 10 10
4 59161 -45 0 10
2 59272 -12 10 0
1 59360 -12 0 0
3 59371 -25 10 10
2 59514 -12 10 0
1 59610 -13 0 0
3 59628 -26 10 10
4 59655 -46 0 10
2 59767 -12 10 0
1 59860 -12 0 0
3 59872 -25 10 10
4 59910 -45 0 10
2 60014 -12 10 0
1 60106 -12 0 0
3 60119 -25 10 10
4 60156 -44 0 10
2 60268 -12 10 0
1 60356 -13 0 0
3 60375 -24 10 10
2 60515 -12 10 0
1 60611 -13 0 0
3 60624 -23 10 10
4 60657 -43 0 10
2 60771 -12 10 0
1 60855 -13 0 0
3 60871 -21 10 10
2 61046 -12 10 0
1 61107 -13 0 0
3 61128 -21 10 10
4 61152 -42 0 10
2 61270 -12 10 0
1 61355 -12 0 0
3 61369 -22 10 10
4 61404 -41 0 10
2 61520 -12 10 0
1 61609 -13 0 0
3 61628 -22 10 10
4 61658 -44 0 10
2 61764 -12 10 0
1 61855 -13 0 0
3 61875 -22 10 10
4 61902 -44 0 10
2 62018 -12 10 0
1 62107 -13 0 0
3 62122 -22 10 10
4 62156 -41 0 10
2 62264 -12 10 0
1 62355 -13 0 0
3 62374 -23 10 10
4 62407 -46 0 10
2 62514 -12 10 0
1 62605 -13 0 0
3 62625 -21 10 10
4 62658 -44 0 10
2 62764 -12 10 0
1 62856 -9 0 0
3 62872 -21 10 10
2 63045 -12 10 0
1 63106 -12 0 0
3 63126 -22 10 10
4 63160 -42 0 10
2 63270 -12 10 0
1 63358 -9 0 0
3 63373 -21 10 10
4 63411 -45 0 10
2 63515 -12 10 0
1 63608 -12 0 0
3 63620 -22 10 10
4 63659 -41 0 10
2 63766 -12 10 0
1 63863 -13 0 0
3 63873 -23 10 10
4 63908 -43 0 10
2 64017 -12 10 0
1 64104 -13 0 0
3 64123 -23 10 10
4 64157 -44 0 10
2 64273 -12 10 0
1 64357 -12 0 0
3 64376 -22 10 10
4 64403 -44 0 10
2 64517 -12 10 0
1 64605 -13 0 0
3 64628 -23 10 10
4 64656 -41 0 10
2 64771 -12 10 0
1 64861 -13 0 0
3 64875 -23 10 10
4 64902 -42 0 10
1 65105 -12 0 0
3 65128 -23 10 10
4 65155 -38 0 10
2 65271 -12 10 0
1 65353 -13 0 0
3 65372 -22 10 10
4 65410 -43 0 10
2 65519 -12 10 0
1 65612 -13 0 0
3 65619 -22 10 10
4 65657 -39 0 10
2 65770 -12 10 0
1 65859 -13 0 0
3 65873 -21 10 10
4 65904 -38 0 10
2 66021 -12 10 0
10 0 0 0 0
2 1942 7 10 0
1 2029 -21 0 0
3 2052 -27 10 10
2 2194 8 10 0
1 2280 -21 0 0
3 2295 -28 10 10
2 2448 8 10 0
1 2529 -21 0 0
3 2550 -27 10 10
2 2690 7 10 0
1 2785 -21 0 0
3 2796 -27 10 10
2 2946 7 10 0
1 3034 -21 0 0
3 3045 -27 10 10
4 3079 -46 0 10
2 3198 8 10 0
1 3283 -22 0 0
3 3302 -27 10 10
4 3330 -45 0 10
2 3439 8 10 0
1 3530 -21 0 0
3 3553 -27 10 10
4 3587 -43 0 10
2 3693 8 10 0
1 3788 -20 0 0
3 3798 -28 10 10
4 3828 -41 0 10
2 3942 8 10 0
1 4037 -21 0 0
3 4051 -27 10 10
4 4082 -38 0 10
2 4191 8 10 0
1 4279 -21 0 0
3 4301 -25 10 10
4 4334 -44 0 10
2 4446 8 10 0
1 4536 -21 0 0
3 4552 -29 10 10
4 4581 -45 0 10
2 4695 8 10 0
1 4780 -21 0 0
3 4796 -31 10 10
2 4943 8 10 0
1 5032 -21 0 0
3 5050 -29 10 10
4 5079 -46 0 10
2 5190 8 10 0
1 5288 -19 0 0
3 5297 -33 10 10
4 5332 -37 0 10
2 5444 8 10 0
1 5530 -21 0 0
3 5553 -31 10 10
4 5579 -35 0 10
2 5694 8 10 0
1 5787 -21 0 0
3 5797 -29 10 10
4 5833 -37 0 10
2 5939 8 10 0
1 6031 -21 0 0
3 6045 -27 10 10
4 6081 -39 0 10
2 6191 8 10 0
1 6281 -20 0 0
3 6299 -27 10 10
4 6334 -37 0 10
2 6443 8 10 0
1 6530 -21 0 0
3 6546 -28 10 10
4 6581 -38 0 10
2 6694 8 10 0
1 6779 -21 0 0
3 6797 -26 10 10
4 6833 -38 0 10
2 6945 7 10 0
1 7036 -21 0 0
3 7045 -26 10 10
4 7079 -38 0 10
2 7195 8 10 0
1 7283 -20 0 0
3 7301 -27 10 10
4 7333 -41 0 10
2 7444 8 10 0
1 7534 -20 0 0
3 7547 -26 10 10
2 7730 8 10 0
1 7781 -21 0 0
3 7798 -25 10 10
4 7833 -39 0 10
2 7940 8 10 0
1 8037 -21 0 0
3 8053 -29 10 10
4 8082 -37 0 10
2 8194 8 10 0
1 8286 -21 0 0
3 8300 -29 10 10
4 8333 -37 0 10
2 8439 8 10 0
1 8530 -21 0 0
3 8547 -29 10 10
4 8578 -37 0 10
2 8692 8 10 0
1 8780 -21 0 0
3 8796 -28 10 10
4 8836 -37 0 10
2 8944 8 10 0
1 9036 -21 0 0
3 9048 -29 10 10
4 9081 -37 0 10
2 9190 8 10 0
1 9279 -21 0 0
3 9297 -30 10 10
4 9332 -38 0 10
2 9446 7 10 0
1 9531 -20 0 0
3 9545 -31 10 10
4 9578 -39 0 10
1 9779 -20 0 0
3 9798 -31 10 10
4 9831 -39 0 10
2 9942 8 10 0
1 10036 -21 0 0
3 10047 -31 10 10
4 10088 -44 0 10
2 10195 8 10 0
1 10280 -22 0 0
3 10302 -30 10 10
4 10329 -41 0 10
2 10440 7 10 0
1 10533 -21 0 0
3 10546 -30 10 10
4 10578 -39 0 10
2 10695 8 10 0
1 10787 -21 0 0
3 10801 -29 10 10
4 10829 -35 0 10
2 10940 8 10 0
1 11031 -21 0 0
3 11051 -31 10 10
4 11087 -43 0 10
2 11189 8 10 0
1 11281 -20 0 0
3 11303 -35 10 10
4 11331 -43 0 10
2 11443 8 10 0
1 11534 -23 0 0
3 11550 -29 10 10
2 11730 7 10 0
1 11780 -22 0 0
3 11803 -31 10 10
4 11836 -43 0 10
2 11939 8 10 0
1 12030 -21 0 0
3 12047 -31 10 10
4 12080 -38 0 10
2 12192 8 10 0
1 12284 -21 0 0
3 12295 -31 10 10
4 12334 -47 0 10
2 12440 8 10 0
1 12532 -21 0 0
3 12546 -35 10 10
4 12580 -40 0 10
2 12694 7 10 0
1 12781 -21 0 0
3 12801 -32 10 10
4 12830 -39 0 10
2 12946 8 10 0
1 13036 -20 0 0
3 13048 -33 10 10
4 13086 -37 0 10
2 13191 7 10 0
1 13280 -21 0 0
3 13300 -32 10 10
4 13338 -35 0 10
2 13442 7 10 0
1 13533 -20 0 0
3 13548 -31 10 10
2 13730 7 10 0
1 13782 -19 0 0
3 13798 -31 10 10
4 13835 -36 0 10
2 13947 7 10 0
1 14034 -21 0 0
3 14046 -31 10 10
4 14085 -35 0 10
2 14192 7 10 0
1 14283 -19 0 0
3 14294 -31 10 10
4 14336 -34 0 10
2 14439 7 10 0
1 14535 -21 0 0
3 14545 -32 10 10
4 14580 -34 0 10
2 14697 6 10 0
1 14782 -21 0 0
3 14797 -37 10 10
4 14834 -37 0 10
2 14942 7 10 0
1 15035 -21 0 0
3 15045 -36 10 10
4 15081 -39 0 10
2 15191 7 10 0
1 15283 -20 0 0
3 15302 -39 10 10
4 15337 -37 0 10
2 15439 7 10 0
1 15537 -20 0 0
3 15548 -40 10 10
4 15581 -37 0 10
1 15782 -21 0 0
3 15800 -37 10 10
4 15830 -39 0 10
2 15948 8 10 0
1 16030 -21 0 0
3 16052 -39 10 10
4 16084 -37 0 10
2 16195 8 10 0
1 16284 -21 0 0
3 16296 -39 10 10
4 16330 -35 0 10
2 16442 7 10 0
1 16536 -19 0 0
3 16548 -35 10 10
4 16581 -34 0 10
2 16695 7 10 0
1 16785 -19 0 0
3 16802 -35 10 10
4 16829 -34 0 10
2 16943 8 10 0
1 17036 -20 0 0
3 17049 -33 10 10
2 17192 7 10 0
1 17284 -21 0 0
3 17298 -29 10 10
4 17331 -36 0 10
2 17444 8 10 0
1 17534 -23 0 0
3 17549 -26 10 10
2 17730 7 10 0
1 17780 -21 0 0
3 17797 -26 10 10
4 17837 -45 0 10
2 17941 7 10 0
1 18031 -19 0 0
3 18051 -28 10 10
4 18085 -44 0 10
2 18193 8 10 0
1 18288 -19 0 0
3 18298 -27 10 10
4 18331 -44 0 10
2 18447 8 10 0
1 18530 -21 0 0
3 18552 -27 10 10
2 18693 8 10 0
1 18788 -21 0 0
3 18801 -27 10 10
4 18832 -46 0 10
2 18946 8 10 0
1 19032 -21 0 0
3 19049 -26 10 10
4 19081 -45 0 10
2 19190 8 10 0
1 19282 -21 0 0
3 19299 -26 10 10
4 19330 -42 0 10
2 19441 8 10 0
1 19537 -22 0 0
3 19545 -29 10 10
2 19730 7 10 0
1 19785 -22 0 0
3 19798 -33 10 10
4 19831 -44 0 10
2 19939 7 10 0
1 20036 -21 0 0
3 20045 -31 10 10
4 20086 -35 0 10
2 20194 8 10 0
1 20281 -21 0 0
3 20298 -29 10 10
4 20331 -36 0 10
2 20445 8 10 0
1 20533 -21 0 0
3 20547 -31 10 10
4 20585 -39 0 10
2 20691 8 10 0
1 20782 -21 0 0
3 20802 -34 10 10
4 20835 -37 0 10
2 20945 8 10 0
1 21037 -20 0 0
3 21053 -34 10 10
4 21087 -34 0 10
2 21189 8 10 0
1 21282 -19 0 0
3 21302 -33 10 10
4 21334 -37 0 10
2 21440 8 10 0
1 21537 -19 0 0
3 21544 -33 10 10
2 21730 8 10 0
1 21781 -19 0 0
3 21803 -35 10 10
4 21831 -37 0 10
2 21941 8 10 0
1 22029 -19 0 0
3 22052 -37 10 10
4 22079 -37 0 10
2 22192 7 10 0
1 22288 -19 0 0
3 22300 -36 10 10
4 22330 -37 0 10
2 22439 7 10 0
1 22533 -20 0 0
3 22548 -35 10 10
4 22585 -36 0 10
2 22690 8 10 0
1 22781 -20 0 0
3 22795 -36 10 10
4 22832 -35 0 10
2 22939 8 10 0
1 23034 -20 0 0
3 23046 -37 10 10
4 23085 -39 0 10
2 23196 8 10 0
1 23285 -21 0 0
3 23300 -31 10 10
4 23333 -35 0 10
2 23444 8 10 0
1 23532 -20 0 0
3 23553 -30 10 10
2 23730 7 10 0
1 23786 -21 0 0
3 23798 -33 10 10
4 23830 -47 0 10
2 23940 8 10 0
1 24033 -21 0 0
3 24047 -33 10 10
4 24078 -46 0 10
2 24198 8 10 0
1 24284 -21 0 0
3 24300 -33 10 10
4 24329 -44 0 10
2 24447 8 10 0
1 24536 -21 0 0
3 24551 -33 10 10
4 24582 -43 0 10
2 24689 8 10 0
1 24784 -21 0 0
3 24802 -31 10 10
4 24829 -43 0 10
2 24946 8 10 0
1 25035 -22 0 0
3 25046 -31 10 10
4 25086 -39 0 10
2 25190 8 10 0
1 25286 -21 0 0
3 25296 -32 10 10
4 25333 -38 0 10
2 25442 8 10 0
1 25532 -21 0 0
3 25550 -32 10 10
2 25730 8 10 0
1 25783 -21 0 0
3 25800 -31 10 10
4 25836 -40 0 10
2 25940 8 10 0
1 26036 -22 0 0
3 26051 -31 10 10
4 26081 -42 0 10
2 26197 8 10 0
1 26288 -21 0 0
3 26300 -31 10 10
4 26332 -41 0 10
2 26441 8 10 0
1 26537 -21 0 0
3 26547 -31 10 10
4 26586 -41 0 10
2 26691 8 10 0
1 26784 -22 0 0
3 26798 -31 10 10
4 26833 -39 0 10
2 26940 8 10 0
1 27033 -22 0 0
3 27045 -31 10 10
4 27083 -39 0 10
2 27189 8 10 0
1 27284 -21 0 0
3 27301 -29 10 10
4 27333 -42 0 10
2 27446 8 10 0
1 27529 -21 0 0
3 27547 -28 10 10
4 27581 -39 0 10
1 27788 -21 0 0
3 27798 -29 10 10
4 27836 -39 0 10
2 27944 8 10 0
1 28034 -22 0 0
3 28044 -30 10 10
4 28083 -37 0 10
2 28191 8 10 0
1 28281 -21 0 0
3 28297 -29 10 10
4 28336 -39 0 10
2 28447 7 10 0
1 28533 -21 0 0
3 28550 -29 10 10
4 28585 -40 0 10
2 28696 8 10 0
1 28781 -21 0 0
3 28801 -31 10 10
4 28833 -39 0 10
2 28940 8 10 0
1 29034 -21 0 0
3 29047 -31 10 10
4 29083 -34 0 10
2 29190 8 10 0
1 29287 -23 0 0
3 29295 -37 10 10
4 29329 -39 0 10
2 29446 7 10 0
1 29536 -19 0 0
3 29550 -33 10 10
2 29730 8 10 0
1 29780 -19 0 0
3 29802 -31 10 10
4 29829 -33 0 10
2 29941 8 10 0
1 30031 -21 0 0
3 30049 -33 10 10
4 30082 -33 0 10
2 30189 8 10 0
1 30284 -21 0 0
3 30303 -33 10 10
4 30331 -31 0 10
2 30446 8 10 0
1 30530 -21 0 0
3 30552 -30 10 10
4 30586 -35 0 10
2 30690 8 10 0
1 30787 -21 0 0
3 30798 -31 10 10
4 30837 -39 0 10
2 30943 8 10 0
1 31034 -21 0 0
3 31047 -30 10 10
4 31087 -36 0 10
2 31197 8 10 0
1 31288 -21 0 0
3 31298 -25 10 10
4 31329 -35 0 10
2 31441 7 10 0
1 31534 -20 0 0
3 31544 -25 10 10
2 31730 8 10 0
1 31786 -20 0 0
3 31794 -29 10 10
4 31837 -37 0 10
2 31944 7 10 0
1 32038 -21 0 0
3 32052 -27 10 10
4 32084 -33 0 10
2 32190 8 10 0
1 32280 -20 0 0
3 32303 -29 10 10
4 32332 -36 0 10
2 32440 8 10 0
1 32529 -21 0 0
3 32545 -27 10 10
4 32579 -39 0 10
2 32694 8 10 0
1 32784 -21 0 0
3 32794 -31 10 10
4 32830 -36 0 10
2 32942 8 10 0
1 33029 -20 0 0
3 33048 -35 10 10
4 33084 -37 0 10
2 33191 7 10 0
1 33283 -19 0 0
3 33295 -31 10 10
4 33337 -37 0 10
2 33446 8 10 0
1 33535 -19 0 0
3 33553 -33 10 10
2 33730 8 10 0
1 33785 -19 0 0
3 33795 -32 10 10
4 33831 -39 0 10
2 33943 8 10 0
1 34031 -19 0 0
3 34053 -33 10 10
4 34085 -38 0 10
2 34192 8 10 0
1 34281 -19 0 0
3 34294 -32 10 10
4 34336 -37 0 10
2 34444 8 10 0
1 34536 -19 0 0
3 34549 -34 10 10
4 34586 -37 0 10
2 34693 8 10 0
1 34784 -19 0 0
3 34796 -33 10 10
4 34830 -36 0 10
2 34945 8 10 0
1 35036 -19 0 0
3 35047 -31 10 10
4 35081 -36 0 10
2 35193 8 10 0
1 35279 -19 0 0
3 35294 -31 10 10
4 35334 -36 0 10
2 35445 8 10 0
1 35538 -19 0 0
3 35553 -33 10 10
2 35730 8 10 0
1 35786 -19 0 0
3 35799 -33 10 10
4 35835 -36 0 10
2 35947 8 10 0
1 36037 -19 0 0
3 36048 -32 10 10
4 36084 -36 0 10
2 36192 8 10 0
1 36287 -19 0 0
3 36298 -32 10 10
4 36331 -37 0 10
2 36440 8 10 0
1 36534 -19 0 0
3 36544 -32 10 10
4 36582 -37 0 10
2 36694 8 10 0
1 36782 -19 0 0
3 36797 -33 10 10
4 36830 -37 0 10
2 36946 8 10 0
1 37031 -19 0 0
3 37049 -33 10 10
4 37086 -37 0 10
2 37196 8 10 0
1 37283 -19 0 0
3 37300 -31 10 10
4 37331 -37 0 10
2 37446 8 10 0
1 37534 -19 0 0
3 37545 -31 10 10
2 37730 8 10 0
1 37780 -19 0 0
3 37799 -31 10 10
4 37828 -36 0 10
2 37944 8 10 0
1 38037 -19 0 0
3 38045 -31 10 10
4 38081 -36 0 10
2 38190 8 10 0
1 38283 -19 0 0
3 38303 -31 10 10
4 38334 -37 0 10
2 38441 8 10 0
1 38534 -20 0 0
3 38550 -31 10 10
4 38585 -37 0 10
2 38698 8 10 0
1 38780 -20 0 0
3 38797 -31 10 10
4 38832 -37 0 10
2 38940 8 10 0
1 39030 -19 0 0
3 39051 -31 10 10
4 39080 -37 0 10
2 39198 8 10 0
1 39283 -20 0 0
3 39303 -33 10 10
4 39334 -37 0 10
2 39442 8 10 0
1 39533 -19 0 0
3 39546 -33 10 10
2 39730 8 10 0
1 39779 -20 0 0
3 39801 -31 10 10
4 39833 -38 0 10
2 39947 8 10 0
1 40034 -20 0 0
3 40047 -35 10 10
4 40087 -39 0 10
2 40195 8 10 0
1 40286 -21 0 0
3 40299 -29 10 10
4 40337 -38 0 10
2 40446 8 10 0
1 40537 -21 0 0
3 40550 -29 10 10
4 40583 -36 0 10
2 40691 8 10 0
1 40784 -21 0 0
3 40797 -26 10 10
4 40832 -37 0 10
2 40943 8 10 0
1 41037 -19 0 0
3 41050 -25 10 10
4 41082 -37 0 10
2 41192 8 10 0
1 41282 -19 0 0
3 41302 -26 10 10
4 41329 -37 0 10
2 41447 8 10 0
1 41534 -20 0 0
3 41548 -27 10 10
4 41579 -36 0 10
1 41787 -19 0 0
3 41799 -27 10 10
4 41836 -37 0 10
2 41947 7 10 0
1 42034 -19 0 0
3 42049 -27 10 10
4 42087 -35 0 10
2 42191 8 10 0
1 42279 -19 0 0
3 42298 -28 10 10
4 42330 -35 0 10
2 42439 7 10 0
1 42534 -19 0 0
3 42544 -27 10 10
4 42578 -33 0 10
2 42698 8 10 0
1 42782 -21 0 0
3 42798 -29 10 10
4 42832 -33 0 10
2 42943 8 10 0
1 43032 -21 0 0
3 43052 -30 10 10
4 43079 -33 0 10
2 43191 8 10 0
1 43286 -21 0 0
3 43300 -29 10 10
4 43337 -33 0 10
2 43444 7 10 0
1 43534 -21 0 0
3 43553 -30 10 10
4 43579 -33 0 10
1 43787 -21 0 0
3 43800 -30 10 10
4 43837 -34 0 10
2 43943 7 10 0
1 44036 -20 0 0
3 44047 -31 10 10
4 44078 -34 0 10
2 44196 7 10 0
1 44285 -19 0 0
3 44302 -31 10 10
4 44334 -33 0 10
2 44443 7 10 0
1 44532 -19 0 0
3 44553 -31 10 10
4 44580 -33 0 10
2 44694 7 10 0
1 44785 -20 0 0
3 44798 -31 10 10
4 44832 -33 0 10
2 44946 7 10 0
1 45032 -19 0 0
3 45051 -31 10 10
4 45079 -33 0 10
2 45194 8 10 0
1 45282 -19 0 0
3 45302 -30 10 10
4 45338 -33 0 10
2 45445 8 10 0
1 45531 -19 0 0
3 45548 -29 10 10
2 45730 8 10 0
1 45786 -19 0 0
3 45801 -29 10 10
4 45832 -34 0 10
2 45942 8 10 0
1 46029 -21 0 0
3 46048 -29 10 10
4 46082 -34 0 10
2 46193 8 10 0
1 46288 -21 0 0
3 46295 -29 10 10
4 46329 -33 0 10
2 46446 8 10 0
1 46535 -21 0 0
3 46552 -29 10 10
4 46581 -33 0 10
2 46698 7 10 0
1 46782 -19 0 0
3 46798 -28 10 10
4 46834 -33 0 10
2 46947 7 10 0
1 47033 -19 0 0
3 47048 -29 10 10
4 47084 -40 0 10
2 47194 8 10 0
1 47280 -21 0 0
3 47299 -27 10 10
4 47329 -39 0 10
2 47443 8 10 0
1 47538 -20 0 0
3 47550 -29 10 10
2 47731 8 10 0
1 47784 -21 0 0
3 47797 -26 10 10
4 47829 -35 0 10
2 47939 7 10 0
1 48031 -19 0 0
3 48046 -25 10 10
4 48087 -36 0 10
2 48198 8 10 0
1 48284 -19 0 0
3 48298 -27 10 10
4 48335 -37 0 10
2 48444 8 10 0
1 48536 -19 0 0
3 48551 -25 10 10
4 48581 -33 0 10
2 48691 8 10 0
1 48786 -19 0 0
3 48795 -25 10 10
4 48835 -35 0 10
2 48943 8 10 0
1 49038 -19 0 0
3 49053 -25 10 10
4 49087 -36 0 10
2 49191 7 10 0
1 49282 -19 0 0
3 49299 -25 10 10
4 49331 -38 0 10
2 49444 8 10 0
1 49531 -19 0 0
3 49548 -24 10 10
2 49731 8 10 0
1 49782 -19 0 0
3 49795 -25 10 10
4 49831 -37 0 10
2 49946 8 10 0
1 50039 -19 0 0
3 50047 -25 10 10
4 50083 -37 0 10
2 50190 7 10 0
1 50283 -19 0 0
3 50296 -25 10 10
4 50334 -37 0 10
2 50441 8 10 0
1 50537 -19 0 0
3 50549 -25 10 10
4 50581 -37 0 10
2 50694 8 10 0
1 50780 -19 0 0
3 50795 -25 10 10
4 50835 -37 0 10
2 50940 8 10 0
1 51037 -19 0 0
3 51053 -24 10 10
4 51086 -37 0 10
2 51197 8 10 0
1 51280 -19 0 0
3 51300 -24 10 10
4 51333 -38 0 10
2 51444 8 10 0
1 51537 -19 0 0
3 51547 -25 10 10
2 51731 8 10 0
1 51783 -19 0 0
3 51803 -25 10 10
4 51834 -37 0 10
2 51944 8 10 0
1 52030 -19 0 0
3 52044 -25 10 10
4 52083 -37 0 10
2 52196 8 10 0
1 52284 -19 0 0
3 52299 -25 10 10
4 52329 -37 0 10
2 52448 8 10 0
1 52538 -19 0 0
3 52546 -25 10 10
4 52583 -37 0 10
2 52690 8 10 0
1 52787 -19 0 0
3 52798 -25 10 10
4 52836 -37 0 10
2 52939 8 10 0
1 53039 -19 0 0
3 53049 -27 10 10
4 53085 -37 0 10
2 53194 7 10 0
1 53286 -19 0 0
3 53294 -27 10 10
4 53338 -37 0 10
2 53439 7 10 0
1 53537 -19 0 0
3 53545 -24 10 10
2 53731 8 10 0
1 53786 -20 0 0
3 53803 -25 10 10
4 53831 -38 0 10
2 53945 7 10 0
1 54032 -20 0 0
3 54046 -25 10 10
4 54086 -38 0 10
2 54195 8 10 0
1 54286 -19 0 0
3 54299 -25 10 10
4 54337 -37 0 10
2 54441 8 10 0
1 54536 -19 0 0
3 54546 -25 10 10
4 54583 -37 0 10
2 54691 7 10 0
1 54785 -19 0 0
3 54796 -26 10 10
4 54836 -37 0 10
2 54946 7 10 0
1 55034 -19 0 0
3 55049 -25 10 10
4 55086 -37 0 10
2 55194 7 10 0
1 55286 -19 0 0
3 55296 -27 10 10
4 55333 -38 0 10
2 55446 7 10 0
1 55530 -19 0 0
3 55548 -25 10 10
2 55730 8 10 0
1 55784 -19 0 0
3 55795 -24 10 10
4 55833 -37 0 10
2 55948 8 10 0
1 56032 -19 0 0
3 56047 -24 10 10
4 56079 -38 0 10
2 56196 7 10 0
1 56281 -19 0 0
3 56297 -26 10 10
4 56336 -38 0 10
2 56447 7 10 0
1 56534 -19 0 0
3 56547 -25 10 10
4 56584 -37 0 10
2 56697 7 10 0
1 56785 -19 0 0
3 56794 -25 10 10
4 56833 -38 0 10
2 56944 8 10 0
1 57033 -19 0 0
3 57051 -25 10 10
4 57084 -38 0 10
2 57192 7 10 0
1 57283 -19 0 0
3 57296 -24 10 10
4 57331 -37 0 10
2 57441 8 10 0
1 57531 -19 0 0
3 57547 -24 10 10
4 57580 -37 0 10
1 57780 -20 0 0
3 57797 -25 10 10
4 57832 -37 0 10
2 57944 7 10 0
1 58031 -19 0 0
3 58048 -25 10 10
4 58085 -37 0 10
2 58190 7 10 0
1 58286 -19 0 0
3 58302 -27 10 10
4 58330 -37 0 10
2 58447 8 10 0
1 58531 -19 0 0
3 58551 -25 10 10
4 58588 -37 0 10
2 58693 7 10 0
1 58788 -19 0 0
3 58802 -24 10 10
4 58833 -37 0 10
2 58944 8 10 0
1 59032 -19 0 0
3 59044 -25 10 10
4 59083 -38 0 10
2 59191 7 10 0
1 59284 -20 0 0
3 59301 -24 10 10
4 59332 -38 0 10
2 59440 7 10 0
1 59537 -19 0 0
3 59553 -25 10 10
4 59581 -37 0 10
1 59781 -19 0 0
3 59800 -24 10 10
4 59834 -37 0 10
2 59943 7 10 0
1 60035 -19 0 0
3 60050 -25 10 10
4 60079 -37 0 10
2 60189 8 10 0
1 60285 -19 0 0
3 60295 -25 10 10
4 60338 -37 0 10
2 60444 7 10 0
1 60530 -19 0 0
3 60550 -24 10 10
4 60584 -37 0 10
2 60696 7 10 0
1 60786 -19 0 0
3 60796 -24 10 10
4 60831 -38 0 10
2 60947 7 10 0
1 61035 -19 0 0
3 61045 -25 10 10
4 61087 -37 0 10
2 61194 7 10 0
1 61283 -20 0 0
3 61295 -25 10 10
4 61329 -38 0 10
2 61447 7 10 0
1 61538 -20 0 0
3 61552 -24 10 10
2 61731 7 10 0
1 61787 -19 0 0
3 61803 -24 10 10
4 61831 -38 0 10
2 61944 7 10 0
1 62033 -19 0 0
3 62051 -25 10 10
4 62083 -37 0 10
2 62197 8 10 0
1 62287 -19 0 0
3 62301 -25 10 10
4 62333 -37 0 10
2 62444 7 10 0
1 62536 -19 0 0
3 62551 -25 10 10
4 62579 -37 0 10
2 62689 7 10 0
1 62788 -20 0 0
3 62798 -25 10 10
4 62830 -37 0 10
2 62944 7 10 0
1 63031 -19 0 0
3 63047 -25 10 10
4 63088 -37 0 10
2 63192 7 10 0
1 63283 -19 0 0
3 63300 -27 10 10
4 63330 -37 0 10
2 63442 7 10 0
1 63538 -19 0 0
3 63553 -24 10 10
2 63731 7 10 0
1 63785 -19 0 0
3 63800 -24 10 10
4 63831 -37 0 10
2 63944 7 10 0
1 64030 -19 0 0
3 64051 -25 10 10
4 64080 -38 0 10
2 64197 7 10 0
1 64281 -19 0 0
3 64301 -24 10 10
4 64333 -38 0 10
2 64446 7 10 0
1 64536 -19 0 0
3 64545 -25 10 10
4 64580 -38 0 10
2 64695 8 10 0
1 64785 -19 0 0
3 64803 -25 10 10
4 64832 -37 0 10
2 64942 8 10 0
1 65034 -19 0 0
3 65051 -25 10 10
4 65079 -37 0 10
2 65195 7 10 0
1 65282 -19 0 0
3 65295 -24 10 10
4 65331 -37 0 10
2 65442 7 10 0
1 65536 -19 0 0
3 65546 -25 10 10
4 65581 -37 0 10
1 65781 -19 0 0
3 65795 -24 10 10
4 65832 -37 0 10
2 65941 7 10 0
1 66032 -19 0 0
3 66050 -24 10 10
4 66078 -38 0 10
2 66196 7 10 0
1 66283 -19 0 0
3 66302 -25 10 10
4 66335 -38 0 10
2 66440 7 10 0
1 66529 -19 0 0
3 66552 -24 10 10
4 66580 -38 0 10
2 66698 7 10 0
1 66787 -19 0 0
3 66796 -24 10 10
4 66832 -37 0 10
2 66945 7 10 0
1 67037 -19 0 0
3 67050 -25 10 10
4 67082 -37 0 10
2 67192 8 10 0
1 67289 -19 0 0
3 67297 -25 10 10
4 67332 -38 0 10
2 67443 7 10 0
1 67529 -20 0 0
3 67552 -25 10 10
2 67731 7 10 0
1 67784 -19 0 0
3 67803 -25 10 10
4 67836 -35 0 10
2 67948 7 10 0
1 68034 -19 0 0
3 68044 -26 10 10
4 68086 -36 0 10
2 68194 8 10 0
1 68287 -19 0 0
3 68299 -25 10 10
4 68329 -37 0 10
2 68441 8 10 0
1 68536 -19 0 0
3 68552 -25 10 10
4 68585 -36 0 10
2 68694 8 10 0
1 68783 -19 0 0
3 68800 -24 10 10
4 68838 -36 0 10
2 68946 8 10 0
1 69029 -19 0 0
3 69047 -24 10 10
4 69085 -36 0 10
2 69196 8 10 0
1 69288 -19 0 0
3 69296 -23 10 10
4 69335 -36 0 10
10 10 0 0 0
1 2118 -26 0 0
3 2132 6 10 10
4 2165 -29 0 10
2 2277 -24 10 0
1 2118 -26 0 0
3 2132 6 10 10
4 2165 -29 0 10
2 2277 -24 10 0
1 2368 -26 0 0
3 2379 6 10 10
4 2419 -31 0 10
2 2528 -24 10 0
1 2617 -26 0 0
3 2628 6 10 10
4 2663 -31 0 10
2 2776 -23 10 0
1 2866 -26 0 0
3 2882 6 10 10
4 2913 -29 0 10
2 3026 -25 10 0
1 3115 -25 0 0
3 3135 6 10 10
4 3164 -31 0 10
2 3276 -24 10 0
1 3369 -25 0 0
3 3378 6 10 10
4 3414 -28 0 10
2 3529 -23 10 0
1 3615 -25 0 0
3 3626 6 10 10
4 3666 -29 0 10
2 3772 -24 10 0
1 3871 -26 0 0
3 3879 6 10 10
4 3914 -31 0 10
2 4027 -26 10 0
1 4116 -26 0 0
3 4127 6 10 10
4 4166 -26 0 10
2 4276 -25 10 0
1 4371 -27 0 0
3 4381 6 10 10
4 4416 -25 0 10
2 4566 -23 10 0
1 4621 -27 0 0
3 4635 6 10 10
4 4662 -29 0 10
2 4781 -25 10 0
1 4868 -29 0 0
3 4881 6 10 10
4 4921 -27 0 10
2 5029 -27 10 0
1 5120 -30 0 0
3 5129 6 10 10
4 5165 -28 0 10
2 5274 -27 10 0
1 5367 -31 0 0
3 5380 6 10 10
4 5419 -31 0 10
2 5524 -27 10 0
1 5613 -29 0 0
3 5629 6 10 10
4 5666 -29 0 10
2 5779 -26 10 0
1 5869 -30 0 0
3 5879 6 10 10
4 5914 -26 0 10
2 6024 -27 10 0
1 6113 -31 0 0
3 6135 6 10 10
4 6163 -27 0 10
2 6275 -26 10 0
1 6362 -29 0 0
3 6380 6 10 10
4 6417 -25 0 10
1 6620 -30 0 0
3 6628 6 10 10
4 6670 -29 0 10
2 6774 -25 10 0
1 6867 -29 0 0
3 6880 6 10 10
4 6912 -29 0 10
2 7030 -21 10 0
1 7117 -31 0 0
3 7127 6 10 10
4 7163 -29 0 10
2 7271 -31 10 0
1 7366 -25 0 0
3 7384 6 10 10
4 7417 -42 0 10
2 7524 -23 10 0
1 7617 -24 0 0
3 7632 6 10 10
4 7663 -38 0 10
2 7772 -24 10 0
1 7866 -23 0 0
3 7876 6 10 10
4 7921 -34 0 10
2 8031 -23 10 0
1 8115 -23 0 0
3 8128 6 10 10
4 8169 -44 0 10
2 8279 -22 10 0
1 8363 -25 0 0
3 8382 6 10 10
2 8565 -23 10 0
1 8621 -24 0 0
3 8631 6 10 10
4 8668 -39 0 10
2 8778 -23 10 0
1 8870 -24 0 0
3 8885 6 10 10
4 8914 -34 0 10
2 9023 -23 10 0
1 9119 -24 0 0
3 9131 6 10 10
4 9163 -30 0 10
2 9275 -21 10 0
1 9367 -25 0 0
3 9381 6 10 10
4 9414 -25 0 10
2 9528 -21 10 0
1 9615 -25 0 0
3 9635 6 10 10
4 9670 -32 0 10
2 9781 -21 10 0
1 9865 -25 0 0
3 9885 6 10 10
4 9915 -30 0 10
2 10023 -21 10 0
1 10120 -23 0 0
3 10130 6 10 10
4 10162 -34 0 10
2 10277 -21 10 0
1 10362 -23 0 0
3 10378 6 10 10
4 10417 -30 0 10
1 10616 -24 0 0
3 10629 6 10 10
4 10665 -32 0 10
2 10771 -24 10 0
1 10867 -23 0 0
3 10879 6 10 10
4 10913 -31 0 10
2 11024 -22 10 0
1 11117 -23 0 0
3 11130 6 10 10
4 11168 -33 0 10
2 11280 -21 10 0
1 11369 -23 0 0
3 11379 6 10 10
4 11421 -29 0 10
2 11528 -22 10 0
1 11616 -24 0 0
3 11627 6 10 10
4 11663 -31 0 10
2 11780 -23 10 0
1 11871 -25 0 0
3 11882 6 10 10
4 11911 -30 0 10
2 12026 -23 10 0
1 12117 -25 0 0
3 12133 6 10 10
4 12164 -30 0 10
2 12274 -23 10 0
1 12369 -25 0 0
3 12383 6 10 10
4 12413 -29 0 10
2 12566 -23 10 0
1 12620 -25 0 0
3 12635 6 10 10
4 12667 -29 0 10
2 12779 -23 10 0
1 12863 -25 0 0
3 12878 6 10 10
4 12920 -32 0 10
2 13024 -22 10 0
1 13115 -23 0 0
3 13128 6 10 10
4 13166 -31 0 10
2 13278 -21 10 0
1 13367 -23 0 0
3 13384 6 10 10
4 13415 -31 0 10
2 13529 -22 10 0
1 13621 -24 0 0
3 13626 6 10 10
4 13665 -31 0 10
2 13778 -22 10 0
1 13862 -24 0 0
3 13878 6 10 10
4 13915 -30 0 10
2 14025 -22 10 0
1 14118 -24 0 0
3 14134 6 10 10
4 14164 -29 0 10
2 14275 -23 10 0
1 14366 -25 0 0
3 14378 6 10 10
4 14420 -29 0 10
1 14617 -24 0 0
3 14635 6 10 10
4 14665 -29 0 10
2 14772 -23 10 0
1 14864 -24 0 0
3 14877 6 10 10
4 14913 -29 0 10
2 15023 -23 10 0
1 15116 -24 0 0
3 15128 6 10 10
4 15165 -29 0 10
2 15274 -23 10 0
1 15370 -24 0 0
3 15382 6 10 10
4 15413 -29 0 10
2 15522 -23 10 0
1 15620 -25 0 0
3 15631 6 10 10
4 15669 -29 0 10
2 15780 -23 10 0
1 15868 -25 0 0
3 15883 6 10 10
4 15917 -29 0 10
2 16022 -23 10 0
1 16117 -24 0 0
3 16128 6 10 10
4 16161 -29 0 10
2 16273 -23 10 0
1 16368 -24 0 0
3 16385 6 10 10
4 16413 -31 0 10
2 16565 -23 10 0
1 16614 -25 0 0
3 16630 6 10 10
4 16668 -30 0 10
2 16780 -23 10 0
1 16867 -24 0 0
3 16883 6 10 10
4 16916 -30 0 10
2 17024 -23 10 0
1 17112 -24 0 0
3 17130 6 10 10
4 17170 -31 0 10
2 17275 -23 10 0
1 17363 -24 0 0
3 17378 6 10 10
4 17416 -33 0 10
2 17529 -21 10 0
1 17620 -23 0 0
3 17632 6 10 10
4 17666 -29 0 10
2 17776 -22 10 0
1 17865 -23 0 0
3 17882 6 10 10
4 17920 -30 0 10
2 18026 -23 10 0
1 18115 -23 0 0
3 18131 6 10 10
4 18170 -29 0 10
2 18273 -23 10 0
1 18366 -24 0 0
3 18378 6 10 10
4 18416 -29 0 10
2 18566 -23 10 0
1 18614 -23 0 0
3 18635 6 10 10
4 18664 -29 0 10
2 18778 -21 10 0
1 18870 -23 0 0
3 18881 6 10 10
4 18914 -29 0 10
2 19026 -23 10 0
1 19112 -24 0 0
3 19130 6 10 10
4 19164 -29 0 10
2 19278 -23 10 0
1 19368 -25 0 0
3 19378 6 10 10
4 19415 -31 0 10
2 19523 -23 10 0
1 19619 -24 0 0
3 19630 6 10 10
4 19665 -29 0 10
2 19777 -23 10 0
1 19870 -24 0 0
3 19876 6 10 10
4 19913 -30 0 10
2 20022 -23 10 0
1 20119 -24 0 0
3 20130 6 10 10
4 20168 -29 0 10
2 20276 -23 10 0
1 20365 -23 0 0
3 20380 6 10 10
4 20419 -31 0 10
1 20619 -24 0 0
3 20630 6 10 10
4 20668 -30 0 10
2 20779 -23 10 0
1 20863 -24 0 0
3 20882 6 10 10
4 20920 -31 0 10
2 21025 -23 10 0
1 21116 -23 0 0
3 21129 6 10 10
4 21164 -31 0 10
2 21274 -23 10 0
1 21368 -23 0 0
3 21381 6 10 10
4 21414 -30 0 10
2 21525 -23 10 0
1 21621 -24 0 0
3 21634 6 10 10
4 21670 -30 0 10
2 21779 -22 10 0
1 21867 -24 0 0
3 21881 6 10 10
4 21912 -30 0 10
2 22026 -23 10 0
1 22119 -23 0 0
3 22126 6 10 10
4 22163 -30 0 10
2 22279 -23 10 0
1 22366 -23 0 0
3 22380 6 10 10
4 22419 -30 0 10
1 22613 -24 0 0
3 22630 6 10 10
4 22664 -29 0 10
2 22772 -23 10 0
1 22864 -23 0 0
3 22879 6 10 10
4 22920 -30 0 10
2 23028 -23 10 0
1 23115 -24 0 0
3 23129 6 10 10
4 23162 -33 0 10
2 23278 -23 10 0
1 23371 -24 0 0
3 23376 6 10 10
4 23413 -30 0 10
2 23526 -24 10 0
1 23618 -24 0 0
3 23628 6 10 10
4 23667 -30 0 10
2 23776 -23 10 0
1 23865 -23 0 0
3 23877 6 10 10
4 23916 -29 0 10
2 24025 -23 10 0
1 24119 -24 0 0
3 24130 6 10 10
4 24168 -29 0 10
2 24278 -23 10 0
1 24369 -23 0 0
3 24385 6 10 10
4 24413 -29 0 10
2 24566 -23 10 0
1 24617 -23 0 0
3 24630 6 10 10
4 24671 -29 0 10
2 24780 -23 10 0
1 24871 -23 0 0
3 24881 6 10 10
4 24915 -29 0 10
2 25025 -23 10 0
1 25117 -23 0 0
3 25132 6 10 10
4 25169 -29 0 10
2 25281 -23 10 0
1 25364 -23 0 0
3 25377 6 10 10
4 25415 -31 0 10
2 25531 -23 10 0
1 25621 -23 0 0
3 25635 6 10 10
4 25663 -29 0 10
2 25778 -24 10 0
1 25870 -24 0 0
3 25884 6 10 10
4 25917 -31 0 10
2 26030 -23 10 0
1 26112 -23 0 0
3 26129 6 10 10
4 26167 -29 0 10
2 26276 -23 10 0
1 26367 -23 0 0
3 26378 6 10 10
4 26416 -29 0 10
2 26566 -23 10 0
1 26620 -23 0 0
3 26626 6 10 10
4 26664 -30 0 10
2 26779 -23 10 0
1 26865 -23 0 0
3 26877 6 10 10
4 26920 -31 0 10
2 27022 -23 10 0
1 27118 -23 0 0
3 27133 6 10 10
4 27167 -32 0 10
2 27272 -23 10 0
1 27365 -23 0 0
3 27378 6 10 10
4 27415 -31 0 10
2 27530 -23 10 0
1 27615 -23 0 0
3 27631 6 10 10
4 27663 -31 0 10
2 27777 -23 10 0
1 27868 -23 0 0
3 27884 6 10 10
4 27916 -33 0 10
2 28026 -23 10 0
1 28112 -23 0 0
3 28131 6 10 10
4 28161 -31 0 10
2 28276 -23 10 0
1 28364 -23 0 0
3 28377 6 10 10
4 28415 -31 0 10
2 28565 -23 10 0
1 28621 -23 0 0
3 28627 6 10 10
4 28666 -30 0 10
2 28776 -23 10 0
1 28862 -24 0 0
3 28886 6 10 10
4 28915 -30 0 10
2 29025 -23 10 0
1 29115 -24 0 0
3 29132 6 10 10
4 29167 -30 0 10
2 29273 -23 10 0
1 29367 -25 0 0
3 29376 6 10 10
4 29415 -30 0 10
2 29531 -23 10 0
1 29620 -24 0 0
3 29631 6 10 10
4 29666 -30 0 10
2 29780 -23 10 0
1 29867 -24 0 0
3 29877 6 10 10
4 29920 -27 0 10
2 30029 -23 10 0
1 30116 -23 0 0
3 30132 6 10 10
4 30166 -30 0 10
2 30277 -23 10 0
1 30366 -24 0 0
3 30384 6 10 10
4 30412 -30 0 10
2 30566 -22 10 0
1 30619 -23 0 0
3 30633 6 10 10
4 30665 -29 0 10
2 30775 -24 10 0
1 30865 -23 0 0
3 30885 6 10 10
4 30915 -31 0 10
2 31030 -23 10 0
1 31121 -23 0 0
3 31126 6 10 10
4 31164 -30 0 10
2 31272 -23 10 0
1 31363 -23 0 0
3 31379 6 10 10
4 31414 -29 0 10
2 31526 -23 10 0
1 31619 -23 0 0
3 31630 6 10 10
4 31662 -31 0 10
2 31777 -23 10 0
1 31862 -25 0 0
3 31884 6 10 10
4 31913 -29 0 10
2 32026 -23 10 0
1 32118 -24 0 0
3 32128 6 10 10
4 32162 -31 0 10
2 32279 -23 10 0
1 32362 -23 0 0
3 32381 6 10 10
4 32415 -29 0 10
2 32566 -23 10 0
1 32619 -24 0 0
3 32629 6 10 10
4 32671 -29 0 10
2 32780 -23 10 0
1 32869 -23 0 0
3 32878 6 10 10
4 32915 -29 0 10
2 33027 -23 10 0
1 33115 -23 0 0
3 33129 6 10 10
4 33166 -30 0 10
2 33278 -23 10 0
1 33364 -24 0 0
3 33379 6 10 10
4 33417 -29 0 10
2 33530 -23 10 0
1 33615 -23 0 0
3 33631 6 10 10
4 33663 -29 0 10
2 33773 -23 10 0
1 33864 -23 0 0
3 33880 6 10 10
4 33920 -28 0 10
2 34024 -23 10 0
1 34113 -23 0 0
3 34132 6 10 10
4 34169 -31 0 10
2 34277 -23 10 0
1 34365 -23 0 0
3 34381 6 10 10
4 34414 -30 0 10
2 34566 -25 10 0
1 34612 -23 0 0
3 34635 6 10 10
4 34664 -30 0 10
2 34772 -23 10 0
1 34870 -25 0 0
3 34882 6 10 10
4 34911 -29 0 10
2 35028 -24 10 0
1 35114 -25 0 0
3 35130 6 10 10
4 35163 -32 0 10
2 35276 -23 10 0
1 35369 -25 0 0
3 35376 6 10 10
4 35418 -31 0 10
2 35526 -24 10 0
1 35613 -24 0 0
3 35629 6 10 10
4 35664 -30 0 10
2 35773 -23 10 0
1 35865 -25 0 0
3 35885 6 10 10
4 35916 -29 0 10
2 36025 -24 10 0
1 36112 -25 0 0
3 36130 6 10 10
4 36170 -30 0 10
2 36280 -23 10 0
1 36366 -23 0 0
3 36383 6 10 10
4 36416 -30 0 10
2 36566 -23 10 0
1 36615 -23 0 0
3 36630 6 10 10
4 36662 -30 0 10
2 36777 -24 10 0
1 36866 -23 0 0
3 36883 6 10 10
4 36912 -29 0 10
2 37027 -23 10 0
1 37120 -24 0 0
3 37135 6 10 10
4 37171 -32 0 10
2 37278 -23 10 0
1 37365 -24 0 0
3 37380 6 10 10
4 37417 -31 0 10
2 37524 -23 10 0
1 37616 -25 0 0
3 37631 6 10 10
4 37661 -30 0 10
2 37777 -23 10 0
1 37869 -25 0 0
3 37878 6 10 10
4 37917 -30 0 10
2 38022 -23 10 0
1 38113 -24 0 0
3 38129 6 10 10
4 38162 -30 0 10
2 38273 -24 10 0
1 38371 -25 0 0
3 38376 6 10 10
4 38417 -29 0 10
1 38617 -25 0 0
3 38630 6 10 10
4 38669 -30 0 10
2 38775 -24 10 0
1 38866 -25 0 0
3 38884 6 10 10
4 38918 -29 0 10
2 39025 -23 10 0
1 39116 -24 0 0
3 39133 6 10 10
4 39171 -29 0 10
2 39276 -24 10 0
1 39362 -25 0 0
3 39379 6 10 10
4 39412 -30 0 10
2 39524 -23 10 0
1 39620 -25 0 0
3 39634 6 10 10
4 39664 -29 0 10
2 39780 -23 10 0
1 39867 -27 0 0
3 39879 6 10 10
4 39916 -30 0 10
2 40022 -23 10 0
1 40116 -25 0 0
3 40133 6 10 10
4 40170 -30 0 10
2 40278 -23 10 0
1 40366 -24 0 0
3 40384 6 10 10
4 40414 -29 0 10
2 40565 -23 10 0
1 40612 -24 0 0
3 40628 6 10 10
4 40666 -29 0 10
2 40780 -23 10 0
1 40871 -25 0 0
3 40885 6 10 10
4 40914 -29 0 10
2 41029 -23 10 0
1 41121 -25 0 0
3 41127 6 10 10
4 41163 -31 0 10
2 41275 -23 10 0
1 41368 -24 0 0
3 41384 6 10 10
4 41415 -29 0 10
2 41528 -23 10 0
1 41617 -25 0 0
3 41629 6 10 10
4 41665 -30 0 10
2 41773 -23 10 0
1 41865 -24 0 0
3 41884 6 10 10
4 41917 -29 0 10
2 42025 -23 10 0
1 42112 -25 0 0
3 42129 6 10 10
4 42165 -29 0 10
2 42278 -23 10 0
1 42365 -25 0 0
3 42377 6 10 10
4 42417 -29 0 10
1 42621 -25 0 0
3 42626 6 10 10
4 42666 -29 0 10
2 42777 -23 10 0
1 42870 -25 0 0
3 42880 6 10 10
4 42921 -29 0 10
2 43029 -23 10 0
1 43119 -24 0 0
3 43128 6 10 10
4 43167 -27 0 10
2 43275 -23 10 0
1 43368 -25 0 0
3 43379 6 10 10
4 43416 -29 0 10
2 43522 -23 10 0
1 43617 -25 0 0
3 43631 6 10 10
4 43662 -28 0 10
2 43774 -23 10 0
1 43870 -25 0 0
3 43880 6 10 10
4 43915 -29 0 10
2 44024 -23 10 0
1 44112 -25 0 0
3 44130 6 10 10
4 44171 -27 0 10
2 44280 -23 10 0
1 44365 -25 0 0
3 44380 6 10 10
4 44415 -27 0 10
2 44566 -23 10 0
1 44617 -24 0 0
3 44635 6 10 10
4 44668 -29 0 10
2 44775 -23 10 0
1 44870 -24 0 0
3 44885 6 10 10
4 44915 -27 0 10
2 45029 -23 10 0
1 45116 -24 0 0
3 45134 6 10 10
4 45169 -31 0 10
2 45279 -24 10 0
1 45368 -25 0 0
3 45378 6 10 10
4 45420 -30 0 10
2 45527 -23 10 0
1 45613 -25 0 0
3 45634 6 10 10
4 45665 -30 0 10
2 45781 -23 10 0
1 45868 -24 0 0
3 45884 6 10 10
4 45916 -32 0 10
2 46027 -23 10 0
1 46117 -25 0 0
3 46134 6 10 10
4 46164 -31 0 10
2 46274 -23 10 0
1 46367 -24 0 0
3 46382 6 10 10
4 46414 -30 0 10
2 46565 -22 10 0
1 46618 -24 0 0
3 46633 6 10 10
4 46662 -31 0 10
2 46780 -23 10 0
1 46863 -25 0 0
3 46884 6 10 10
4 46916 -29 0 10
2 47022 -23 10 0
1 47116 -25 0 0
3 47135 6 10 10
4 47169 -30 0 10
2 47277 -23 10 0
1 47369 -25 0 0
3 47383 6 10 10
4 47418 -30 0 10
2 47530 -23 10 0
1 47612 -25 0 0
3 47629 6 10 10
4 47664 -29 0 10
2 47774 -23 10 0
1 47864 -24 0 0
3 47876 6 10 10
4 47919 -29 0 10
2 48028 -23 10 0
1 48117 -25 0 0
3 48129 6 10 10
4 48164 -29 0 10
2 48275 -23 10 0
1 48367 -25 0 0
3 48379 6 10 10
4 48418 -29 0 10
1 48612 -24 0 0
3 48633 6 10 10
4 48670 -29 0 10
2 48778 -23 10 0
1 48868 -24 0 0
3 48880 6 10 10
4 48913 -29 0 10
2 49022 -23 10 0
1 49112 -24 0 0
3 49128 6 10 10
4 49170 -27 0 10
2 49273 -23 10 0
1 49370 -25 0 0
3 49376 6 10 10
4 49412 -29 0 10
2 49531 -23 10 0
1 49621 -26 0 0
3 49635 6 10 10
4 49669 -29 0 10
2 49772 -23 10 0
1 49868 -24 0 0
3 49880 6 10 10
4 49915 -29 0 10
2 50025 -23 10 0
1 50115 -24 0 0
3 50130 6 10 10
4 50169 -29 0 10
2 50277 -23 10 0
1 50363 -24 0 0
3 50377 6 10 10
4 50414 -30 0 10
2 50566 -23 10 0
1 50613 -25 0 0
3 50629 6 10 10
4 50662 -29 0 10
2 50777 -23 10 0
1 50869 -25 0 0
3 50882 6 10 10
4 50911 -29 0 10
2 51026 -23 10 0
1 51114 -25 0 0
3 51129 6 10 10
4 51165 -29 0 10
2 51276 -23 10 0
1 51362 -27 0 0
3 51380 6 10 10
4 51413 -29 0 10
2 51529 -23 10 0
1 51615 -25 0 0
3 51630 6 10 10
4 51664 -30 0 10
2 51775 -23 10 0
1 51863 -25 0 0
3 51882 6 10 10
4 51916 -27 0 10
2 52031 -23 10 0
1 52121 -24 0 0
3 52129 6 10 10
4 52166 -30 0 10
2 52272 -23 10 0
1 52371 -23 0 0
3 52384 6 10 10
4 52416 -27 0 10
2 52566 -25 10 0
1 52619 -24 0 0
3 52629 6 10 10
4 52665 -29 0 10
2 52772 -25 10 0
1 52871 -25 0 0
3 52876 6 10 10
4 52921 -31 0 10
2 53028 -23 10 0
1 53114 -25 0 0
3 53128 6 10 10
4 53171 -31 0 10
2 53272 -22 10 0
1 53366 -23 0 0
3 53377 6 10 10
4 53419 -25 0 10
2 53529 -22 10 0
1 53620 -24 0 0
3 53628 6 10 10
4 53664 -26 0 10
2 53779 -22 10 0
1 53869 -23 0 0
3 53885 6 10 10
4 53920 -30 0 10
2 54025 -23 10 0
1 54114 -25 0 0
3 54126 6 10 10
4 54170 -30 0 10
2 54273 -21 10 0
1 54366 -24 0 0
3 54380 6 10 10
4 54420 -29 0 10
1 54618 -24 0 0
3 54626 6 10 10
4 54668 -27 0 10
2 54774 -25 10 0
1 54864 -24 0 0
3 54880 6 10 10
4 54919 -28 0 10
2 55023 -23 10 0
1 55113 -23 0 0
3 55129 6 10 10
4 55169 -29 0 10
2 55275 -23 10 0
1 55364 -23 0 0
3 55384 6 10 10
4 55421 -27 0 10
2 55522 -23 10 0
1 55613 -24 0 0
3 55626 6 10 10
4 55668 -28 0 10
2 55780 -23 10 0
1 55870 -24 0 0
3 55883 6 10 10
4 55914 -31 0 10
2 56024 -23 10 0
1 56114 -23 0 0
3 56126 7 10 10
4 56162 -32 0 10
2 56279 -23 10 0
1 56364 -23 0 0
3 56384 6 10 10
4 56414 -30 0 10
2 56566 -23 10 0
1 56617 -23 0 0
3 56634 6 10 10
4 56664 -31 0 10
2 56775 -23 10 0
1 56870 -23 0 0
3 56884 6 10 10
4 56919 -31 0 10
2 57021 -22 10 0
1 57118 -23 0 0
3 57134 6 10 10
4 57165 -29 0 10
2 57275 -23 10 0
1 57366 -24 0 0
3 57378 6 10 10
4 57413 -29 0 10
2 57525 -22 10 0
1 57619 -23 0 0
3 57629 6 10 10
4 57661 -29 0 10
2 57775 -23 10 0
1 57862 -23 0 0
3 57879 6 10 10
4 57921 -27 0 10
2 58030 -23 10 0
1 58115 -23 0 0
3 58127 6 10 10
4 58166 -29 0 10
2 58275 -23 10 0
1 58369 -23 0 0
3 58385 6 10 10
4 58416 -33 0 10
2 58566 -22 10 0
1 58615 -23 0 0
3 58634 6 10 10
4 58662 -31 0 10
2 58778 -23 10 0
1 58862 -23 0 0
3 58885 6 10 10
4 58914 -27 0 10
2 59023 -23 10 0
1 59115 -23 0 0
3 59134 6 10 10
4 59168 -29 0 10
2 59280 -23 10 0
1 59364 -23 0 0
3 59377 6 10 10
4 59415 -29 0 10
2 59527 -23 10 0
1 59613 -23 0 0
3 59633 6 10 10
4 59666 -34 0 10
2 59775 -23 10 0
1 59871 -23 0 0
3 59885 6 10 10
4 59915 -30 0 10
2 60026 -22 10 0
1 60121 -23 0 0
3 60128 6 10 10
4 60167 -34 0 10
2 60272 -23 10 0
1 60362 -23 0 0
3 60378 6 10 10
4 60414 -32 0 10
2 60565 -23 10 0
1 60616 -23 0 0
3 60629 6 10 10
4 60670 -29 0 10
2 60777 -23 10 0
1 60870 -23 0 0
3 60877 6 10 10
4 60914 -28 0 10
2 61026 -23 10 0
1 61113 -23 0 0
3 61130 6 10 10
4 61161 -31 0 10
2 61276 -22 10 0
1 61364 -23 0 0
3 61381 6 10 10
4 61414 -29 0 10
2 61522 -23 10 0
1 61620 -23 0 0
3 61631 6 10 10
4 61662 -31 0 10
2 61780 -23 10 0
1 61868 -23 0 0
3 61879 6 10 10
4 61914 -28 0 10
2 62030 -23 10 0
1 62118 -23 0 0
3 62130 6 10 10
4 62171 -29 0 10
2 62278 -22 10 0
1 62369 -23 0 0
3 62380 6 10 10
4 62412 -33 0 10
2 62565 -22 10 0
1 62612 -23 0 0
3 62632 6 10 10
4 62666 -31 0 10
2 62775 -22 10 0
1 62871 -23 0 0
3 62881 6 10 10
4 62912 -32 0 10
2 63022 -22 10 0
1 63121 -23 0 0
3 63136 7 10 10
4 63165 -30 0 10
2 63275 -22 10 0
1 63363 -23 0 0
3 63380 6 10 10
4 63415 -33 0 10
2 63530 -22 10 0
1 63618 -23 0 0
3 63631 6 10 10
4 63670 -31 0 10
2 63780 -23 10 0
1 63866 -23 0 0
3 63879 6 10 10
4 63912 -30 0 10
2 64029 -22 10 0
1 64120 -23 0 0
3 64128 6 10 10
4 64168 -29 0 10
2 64278 -23 10 0
1 64366 -23 0 0
3 64380 6 10 10
4 64412 -30 0 10
2 64565 -23 10 0
1 64613 -23 0 0
3 64633 6 10 10
4 64669 -29 0 10
2 64780 -22 10 0
1 64866 -24 0 0
3 64885 6 10 10
4 64920 -29 0 10
2 65022 -21 10 0
1 65119 -23 0 0
3 65127 6 10 10
4 65169 -25 0 10
2 65275 -21 10 0
1 65371 -23 0 0
3 65380 6 10 10
4 65419 -25 0 10
2 65527 -23 10 0
0 10 0 0 0
4 1533 8 0 10
2 1645 -21 10 0
1 1733 -32 0 0
3 1751 -33 10 10
4 1786 8 0 10
2 1892 -21 10 0
1 1988 -33 0 0
3 2003 -35 10 10
4 2038 8 0 10
2 2144 -21 10 0
1 2238 -31 0 0
3 2253 -36 10 10
4 2283 8 0 10
2 2395 -20 10 0
1 2490 -30 0 0
3 2496 -27 10 10
4 2538 8 0 10
2 2650 -20 10 0
1 2738 -29 0 0
3 2748 -23 10 10
4 2789 8 0 10
2 2893 -21 10 0
1 2991 -26 0 0
3 3000 -23 10 10
4 3038 9 0 10
2 3144 -21 10 0
1 3234 -26 0 0
3 3251 -23 10 10
4 3284 8 0 10
2 3396 -21 10 0
1 3491 -26 0 0
3 3502 -23 10 10
4 3535 8 0 10
2 3645 -21 10 0
1 3736 -27 0 0
3 3752 -23 10 10
4 3785 9 0 10
2 3896 -21 10 0
1 3983 -25 0 0
3 4004 -23 10 10
4 4037 8 0 10
2 4146 -21 10 0
1 4241 -25 0 0
3 4252 -24 10 10
4 4288 8 0 10
2 4396 -21 10 0
1 4486 -26 0 0
3 4496 -29 10 10
2 4649 -21 10 0
1 4740 -26 0 0
3 4746 -27 10 10
4 4789 9 0 10
2 4894 -21 10 0
1 4990 -26 0 0
3 5005 -29 10 10
4 5036 9 0 10
2 5144 -20 10 0
1 5240 -27 0 0
3 5255 -25 10 10
4 5287 9 0 10
2 5392 -21 10 0
1 5491 -26 0 0
3 5498 -27 10 10
4 5533 9 0 10
2 5648 -21 10 0
1 5733 -26 0 0
3 5754 -29 10 10
4 5785 8 0 10
2 5894 -21 10 0
1 5986 -26 0 0
3 6002 -26 10 10
4 6036 9 0 10
2 6144 -21 10 0
1 6234 -27 0 0
3 6247 -26 10 10
4 6291 8 0 10
2 6399 -21 10 0
1 6483 -27 0 0
2 6648 -21 10 0
1 6738 -27 0 0
3 6749 -27 10 10
4 6783 8 0 10
2 6900 -21 10 0
1 6984 -29 0 0
3 6996 -26 10 10
4 7037 8 0 10
2 7149 -21 10 0
1 7240 -30 0 0
3 7251 -28 10 10
4 7282 8 0 10
2 7392 -21 10 0
1 7486 -30 0 0
3 7504 -27 10 10
4 7535 8 0 10
2 7643 -21 10 0
1 7733 -31 0 0
3 7748 -25 10 10
4 7783 9 0 10
2 7898 -21 10 0
1 7982 -32 0 0
3 7996 -29 10 10
4 8039 8 0 10
2 8144 -21 10 0
1 8233 -33 0 0
3 8249 -26 10 10
4 8282 8 0 10
2 8397 -21 10 0
1 8489 -33 0 0
2 8649 -21 10 0
1 8733 -31 0 0
3 8753 -26 10 10
4 8784 8 0 10
2 8899 -21 10 0
1 8983 -31 0 0
3 8998 -27 10 10
4 9038 8 0 10
2 9150 -21 10 0
1 9236 -31 0 0
3 9253 -36 10 10
4 9289 8 0 10
2 9395 -21 10 0
1 9488 -29 0 0
4 9540 8 0 10
2 9648 -21 10 0
1 9734 -30 0 0
4 9787 9 0 10
2 9895 -21 10 0
1 9984 -26 0 0
3 9998 -33 10 10
4 10037 8 0 10
2 10148 -19 10 0
1 10234 -27 0 0
3 10246 -21 10 10
4 10289 9 0 10
2 10392 -19 10 0
1 10490 -25 0 0
4 10646 9 0 10
1 10736 -25 0 0
3 10752 -30 10 10
4 10782 9 0 10
2 10894 -19 10 0
1 10987 -25 0 0
3 11001 -38 10 10
4 11034 9 0 10
2 11145 -19 10 0
1 11235 -26 0 0
3 11254 -37 10 10
4 11285 8 0 10
2 11393 -22 10 0
1 11484 -25 0 0
3 11498 -38 10 10
4 11537 9 0 10
2 11651 -20 10 0
1 11733 -23 0 0
3 11754 -37 10 10
4 11788 8 0 10
2 11894 -20 10 0
1 11986 -27 0 0
3 12005 -27 10 10
4 12038 9 0 10
2 12145 -19 10 0
1 12236 -27 0 0
3 12252 -26 10 10
4 12290 9 0 10
2 12392 -19 10 0
1 12485 -25 0 0
4 12647 9 0 10
1 12740 -25 0 0
3 12746 -32 10 10
4 12782 9 0 10
2 12896 -21 10 0
1 12983 -25 0 0
3 13000 -26 10 10
4 13032 9 0 10
2 13147 -21 10 0
1 13238 -24 0 0
3 13249 -31 10 10
4 13291 9 0 10
2 13392 -21 10 0
1 13490 -25 0 0
3 13496 -30 10 10
4 13541 9 0 10
2 13645 -22 10 0
1 13734 -26 0 0
3 13747 -26 10 10
4 13784 11 0 10
2 13896 -21 10 0
1 13989 -27 0 0
3 14000 -29 10 10
4 14040 9 0 10
2 14150 -23 10 0
1 14240 -22 0 0
3 14255 -36 10 10
4 14288 8 0 10
2 14396 -23 10 0
1 14490 -28 0 0
2 14649 -21 10 0
1 14735 -23 0 0
3 14752 -30 10 10
4 14788 9 0 10
2 14896 -19 10 0
1 14984 -26 0 0
3 14996 -31 10 10
4 15035 8 0 10
2 15143 -21 10 0
1 15235 -23 0 0
3 15255 -31 10 10
4 15282 9 0 10
2 15400 -20 10 0
1 15487 -25 0 0
3 15496 -34 10 10
4 15537 9 0 10
2 15645 -21 10 0
1 15737 -24 0 0
3 15751 -29 10 10
4 15790 9 0 10
2 15898 -21 10 0
1 15991 -28 0 0
3 16000 -35 10 10
4 16034 9 0 10
2 16146 -21 10 0
1 16241 -24 0 0
3 16250 -35 10 10
4 16282 8 0 10
2 16396 -21 10 0
1 16484 -25 0 0
2 16648 -21 10 0
1 16732 -25 0 0
3 16746 -35 10 10
4 16791 9 0 10
2 16896 -19 10 0
1 16987 -25 0 0
3 16998 -34 10 10
4 17039 9 0 10
2 17145 -21 10 0
1 17239 -25 0 0
3 17248 -38 10 10
4 17284 9 0 10
2 17397 -21 10 0
1 17482 -25 0 0
3 17500 -37 10 10
4 17539 9 0 10
2 17643 -20 10 0
1 17738 -26 0 0
3 17755 -34 10 10
4 17789 8 0 10
2 17900 -21 10 0
1 17988 -26 0 0
3 18004 -29 10 10
4 18036 9 0 10
2 18145 -21 10 0
1 18241 -25 0 0
3 18249 -35 10 10
4 18284 8 0 10
2 18395 -21 10 0
1 18488 -26 0 0
2 18648 -21 10 0
1 18740 -26 0 0
3 18746 -41 10 10
4 18790 9 0 10
2 18892 -21 10 0
1 18983 -27 0 0
3 18999 -32 10 10
4 19038 9 0 10
2 19150 -21 10 0
1 19239 -29 0 0
3 19252 -37 10 10
4 19287 8 0 10
2 19401 -21 10 0
1 19488 -29 0 0
3 19498 -35 10 10
4 19540 8 0 10
2 19651 -20 10 0
1 19734 -27 0 0
4 19784 9 0 10
2 19897 -19 10 0
1 19982 -25 0 0
3 20001 -35 10 10
4 20040 9 0 10
2 20142 -20 10 0
1 20237 -27 0 0
3 20250 -33 10 10
4 20291 8 0 10
2 20400 -21 10 0
1 20491 -29 0 0
2 20648 -21 10 0
1 20737 -27 0 0
3 20753 -40 10 10
4 20790 9 0 10
2 20896 -21 10 0
1 20986 -29 0 0
3 21003 -36 10 10
4 21032 9 0 10
2 21149 -21 10 0
1 21237 -30 0 0
3 21248 -46 10 10
4 21286 9 0 10
2 21396 -19 10 0
1 21485 -27 0 0
3 21499 -31 10 10
4 21535 9 0 10
2 21644 -21 10 0
1 21737 -27 0 0
3 21754 -33 10 10
4 21782 9 0 10
2 21900 -21 10 0
1 21989 -28 0 0
3 22002 -27 10 10
4 22033 9 0 10
2 22145 -19 10 0
1 22239 -29 0 0
3 22253 -23 10 10
4 22286 11 0 10
2 22397 -21 10 0
1 22491 -31 0 0
2 22648 -23 10 0
1 22739 -31 0 0
3 22749 -23 10 10
4 22786 9 0 10
2 22898 -23 10 0
1 22989 -29 0 0
3 23000 -34 10 10
4 23038 9 0 10
2 23147 -20 10 0
1 23236 -35 0 0
3 23249 -32 10 10
4 23282 9 0 10
2 23399 -21 10 0
1 23491 -36 0 0
3 23499 -29 10 10
4 23541 9 0 10
2 23647 -21 10 0
1 23739 -35 0 0
3 23755 -27 10 10
4 23782 8 0 10
2 23901 -21 10 0
1 23991 -35 0 0
3 24002 -27 10 10
4 24037 9 0 10
2 24143 -21 10 0
1 24235 -34 0 0
3 24254 -25 10 10
4 24286 9 0 10
2 24400 -21 10 0
1 24482 -35 0 0
2 24649 -21 10 0
1 24741 -37 0 0
3 24750 -29 10 10
4 24787 9 0 10
2 24893 -21 10 0
1 24987 -36 0 0
3 25001 -26 10 10
4 25032 9 0 10
2 25151 -21 10 0
1 25233 -34 0 0
3 25253 -27 10 10
4 25285 9 0 10
2 25396 -21 10 0
1 25490 -35 0 0
3 25504 -25 10 10
4 25534 9 0 10
2 25649 -21 10 0
1 25735 -33 0 0
3 25750 -27 10 10
4 25786 9 0 10
2 25899 -23 10 0
1 25987 -35 0 0
3 26003 -29 10 10
4 26041 9 0 10
2 26150 -22 10 0
1 26234 -33 0 0
3 26248 -25 10 10
4 26290 9 0 10
2 26401 -23 10 0
1 26490 -34 0 0
3 26497 -23 10 10
1 26736 -33 0 0
3 26747 -26 10 10
4 26788 9 0 10
2 26896 -23 10 0
1 26984 -32 0 0
3 27001 -23 10 10
4 27032 9 0 10
2 27144 -21 10 0
1 27240 -36 0 0
3 27249 -27 10 10
4 27285 9 0 10
2 27393 -21 10 0
1 27488 -34 0 0
3 27499 -31 10 10
4 27538 8 0 10
2 27648 -21 10 0
1 27740 -35 0 0
3 27755 -31 10 10
4 27784 9 0 10
2 27893 -21 10 0
1 27984 -33 0 0
3 28005 -27 10 10
4 28037 8 0 10
2 28150 -21 10 0
1 28236 -35 0 0
3 28251 -28 10 10
4 28287 9 0 10
2 28396 -21 10 0
1 28488 -35 0 0
2 28648 -23 10 0
1 28739 -37 0 0
3 28751 -31 10 10
4 28789 9 0 10
2 28892 -23 10 0
1 28982 -37 0 0
3 28996 -31 10 10
4 29039 9 0 10
2 29142 -21 10 0
1 29233 -37 0 0
3 29249 -30 10 10
4 29289 8 0 10
2 29399 -21 10 0
1 29487 -38 0 0
3 29499 -29 10 10
4 29534 8 0 10
2 29642 -23 10 0
1 29732 -37 0 0
3 29749 -27 10 10
4 29785 8 0 10
2 29892 -22 10 0
1 29987 -36 0 0
3 29996 -27 10 10
4 30040 8 0 10
2 30146 -22 10 0
1 30235 -35 0 0
3 30251 -26 10 10
4 30288 9 0 10
2 30398 -23 10 0
1 30483 -35 0 0
2 30648 -23 10 0
1 30740 -36 0 0
3 30750 -29 10 10
4 30784 9 0 10
2 30894 -22 10 0
1 30982 -35 0 0
3 31005 -29 10 10
4 31035 9 0 10
2 31144 -23 10 0
1 31235 -36 0 0
3 31255 -26 10 10
4 31284 8 0 10
2 31399 -23 10 0
1 31487 -36 0 0
3 31496 -29 10 10
4 31536 9 0 10
2 31646 -22 10 0
1 31739 -37 0 0
3 31749 -27 10 10
4 31785 9 0 10
2 31897 -23 10 0
1 31986 -36 0 0
3 32000 -26 10 10
4 32035 9 0 10
2 32145 -22 10 0
1 32239 -35 0 0
3 32247 -25 10 10
4 32291 9 0 10
2 32394 -22 10 0
1 32488 -35 0 0
3 32496 -26 10 10
1 32739 -36 0 0
3 32749 -25 10 10
4 32790 8 0 10
2 32895 -22 10 0
1 32986 -36 0 0
3 33004 -26 10 10
4 33038 8 0 10
2 33146 -23 10 0
1 33239 -35 0 0
3 33254 -26 10 10
4 33286 8 0 10
2 33395 -21 10 0
1 33485 -36 0 0
3 33502 -26 10 10
4 33537 9 0 10
2 33650 -23 10 0
1 33733 -36 0 0
3 33748 -27 10 10
4 33789 8 0 10
2 33892 -23 10 0
1 33984 -35 0 0
3 34000 -25 10 10
4 34040 9 0 10
2 34148 -23 10 0
1 34238 -36 0 0
3 34253 -27 10 10
4 34286 8 0 10
2 34399 -21 10 0
1 34482 -37 0 0
2 34648 -23 10 0
1 34741 -35 0 0
3 34749 -25 10 10
4 34785 8 0 10
2 34898 -23 10 0
1 34988 -35 0 0
3 35001 -26 10 10
4 35033 9 0 10
2 35150 -23 10 0
1 35235 -35 0 0
3 35252 -25 10 10
4 35283 8 0 10
2 35400 -22 10 0
1 35490 -35 0 0
3 35499 -26 10 10
4 35537 8 0 10
2 35645 -23 10 0
1 35738 -35 0 0
3 35754 -25 10 10
4 35785 8 0 10
2 35894 -22 10 0
1 35987 -35 0 0
3 35997 -25 10 10
4 36035 9 0 10
2 36145 -23 10 0
1 36239 -35 0 0
3 36246 -25 10 10
4 36291 9 0 10
2 36397 -21 10 0
1 36486 -34 0 0
2 36648 -22 10 0
1 36740 -34 0 0
3 36750 -25 10 10
4 36787 9 0 10
2 36901 -21 10 0
1 36983 -36 0 0
3 36996 -26 10 10
4 37039 9 0 10
2 37151 -22 10 0
1 37237 -38 0 0
3 37248 -25 10 10
4 37287 9 0 10
2 37393 -23 10 0
1 37484 -39 0 0
3 37497 -25 10 10
4 37532 8 0 10
2 37642 -23 10 0
1 37740 -37 0 0
3 37750 -25 10 10
4 37785 8 0 10
2 37896 -23 10 0
1 37988 -35 0 0
3 38002 -25 10 10
4 38035 8 0 10
2 38149 -21 10 0
1 38238 -34 0 0
3 38253 -27 10 10
4 38285 8 0 10
2 38392 -22 10 0
1 38488 -35 0 0
3 38497 -25 10 10
2 38650 -22 10 0
1 38739 -34 0 0
3 38751 -25 10 10
4 38787 11 0 10
2 38897 -21 10 0
1 38987 -34 0 0
3 39000 -25 10 10
4 39041 9 0 10
2 39151 -22 10 0
1 39240 -34 0 0
3 39252 -25 10 10
4 39286 9 0 10
2 39398 -22 10 0
1 39487 -34 0 0
3 39505 -25 10 10
4 39541 9 0 10
2 39650 -23 10 0
1 39734 -33 0 0
3 39749 -25 10 10
4 39791 11 0 10
2 39892 -21 10 0
1 39986 -33 0 0
3 39999 -25 10 10
4 40032 9 0 10
2 40148 -21 10 0
1 40237 -33 0 0
3 40253 -25 10 10
4 40285 9 0 10
2 40397 -22 10 0
1 40483 -33 0 0
2 40649 -21 10 0
1 40740 -32 0 0
3 40750 -24 10 10
4 40783 9 0 10
2 40892 -21 10 0
1 40991 -33 0 0
3 40996 -27 10 10
4 41032 9 0 10
2 41147 -21 10 0
1 41235 -33 0 0
3 41248 -25 10 10
4 41286 9 0 10
2 41401 -21 10 0
1 41487 -33 0 0
3 41501 -24 10 10
4 41540 9 0 10
2 41647 -21 10 0
1 41735 -33 0 0
3 41747 -24 10 10
4 41790 9 0 10
2 41895 -21 10 0
1 41984 -33 0 0
3 41998 -25 10 10
4 42038 9 0 10
2 42147 -21 10 0
1 42236 -32 0 0
3 42253 -25 10 10
4 42284 9 0 10
2 42394 -21 10 0
1 42489 -32 0 0
2 42649 -22 10 0
1 42737 -31 0 0
3 42746 -25 10 10
4 42789 8 0 10
2 42898 -22 10 0
1 42982 -30 0 0
3 43001 -25 10 10
4 43036 8 0 10
2 43147 -23 10 0
1 43235 -31 0 0
3 43252 -25 10 10
4 43285 9 0 10
2 43396 -21 10 0
1 43486 -31 0 0
3 43500 -25 10 10
4 43537 9 0 10
2 43650 -21 10 0
1 43735 -31 0 0
3 43749 -25 10 10
4 43788 11 0 10
2 43899 -21 10 0
1 43982 -31 0 0
3 44001 -24 10 10
4 44035 9 0 10
2 44149 -21 10 0
1 44237 -31 0 0
3 44247 -24 10 10
4 44290 9 0 10
2 44396 -21 10 0
1 44488 -31 0 0
4 44647 9 0 10
1 44735 -32 0 0
3 44748 -24 10 10
4 44782 9 0 10
2 44899 -21 10 0
1 44991 -31 0 0
3 45004 -25 10 10
4 45039 9 0 10
2 45150 -21 10 0
1 45234 -31 0 0
3 45248 -24 10 10
4 45286 9 0 10
2 45395 -21 10 0
1 45489 -31 0 0
3 45498 -25 10 10
4 45532 9 0 10
2 45642 -21 10 0
1 45737 -31 0 0
3 45746 -25 10 10
4 45784 9 0 10
2 45900 -21 10 0
1 45984 -31 0 0
3 46000 -24 10 10
4 46033 9 0 10
2 46147 -21 10 0
1 46238 -31 0 0
3 46251 -25 10 10
4 46286 9 0 10
2 46393 -21 10 0
1 46485 -31 0 0
4 46647 9 0 10
1 46741 -31 0 0
3 46754 -23 10 10
4 46789 9 0 10
2 46894 -21 10 0
1 46987 -31 0 0
3 46999 -25 10 10
4 47033 9 0 10
2 47146 -21 10 0
1 47232 -31 0 0
3 47252 -25 10 10
4 47288 9 0 10
2 47394 -22 10 0
1 47485 -31 0 0
3 47499 -25 10 10
4 47536 9 0 10
2 47650 -22 10 0
1 47735 -31 0 0
3 47753 -25 10 10
4 47788 9 0 10
2 47896 -22 10 0
1 47983 -31 0 0
3 47997 -24 10 10
4 48041 11 0 10
2 48144 -22 10 0
1 48234 -31 0 0
3 48247 -25 10 10
4 48285 9 0 10
2 48400 -22 10 0
1 48490 -31 0 0
2 48649 -22 10 0
1 48733 -32 0 0
3 48748 -25 10 10
4 48789 9 0 10
2 48900 -23 10 0
1 48982 -31 0 0
3 49003 -25 10 10
4 49035 11 0 10
2 49144 -22 10 0
1 49234 -31 0 0
3 49255 -25 10 10
4 49286 9 0 10
2 49396 -23 10 0
1 49488 -31 0 0
3 49505 -24 10 10
4 49532 9 0 10
2 49648 -23 10 0
1 49737 -31 0 0
3 49755 -26 10 10
4 49784 8 0 10
2 49898 -23 10 0
1 49988 -30 0 0
3 50000 -25 10 10
4 50037 8 0 10
2 50142 -23 10 0
1 50235 -30 0 0
3 50254 -25 10 10
4 50283 9 0 10
2 50393 -22 10 0
1 50483 -31 0 0
2 50649 -23 10 0
1 50735 -31 0 0
3 50749 -24 10 10
4 50789 9 0 10
2 50892 -23 10 0
1 50984 -31 0 0
3 50999 -24 10 10
4 51037 9 0 10
2 51147 -23 10 0
1 51235 -31 0 0
3 51249 -25 10 10
4 51282 9 0 10
2 51394 -23 10 0
1 51490 -31 0 0
3 51505 -25 10 10
4 51538 9 0 10
2 51642 -22 10 0
1 51738 -31 0 0
3 51746 -24 10 10
4 51788 9 0 10
2 51900 -22 10 0
1 51990 -32 0 0
3 51998 -25 10 10
4 52036 9 0 10
2 52142 -22 10 0
1 52237 -31 0 0
3 52251 -25 10 10
4 52285 9 0 10
2 52395 -23 10 0
1 52483 -31 0 0
2 52649 -21 10 0
1 52736 -30 0 0
3 52755 -27 10 10
4 52784 9 0 10
2 52899 -23 10 0
1 52982 -29 0 0
3 53005 -24 10 10
4 53036 9 0 10
2 53146 -23 10 0
1 53236 -29 0 0
3 53252 -25 10 10
4 53284 9 0 10
2 53399 -23 10 0
1 53486 -30 0 0
3 53501 -25 10 10
4 53539 9 0 10
2 53648 -23 10 0
1 53736 -29 0 0
3 53750 -25 10 10
4 53784 9 0 10
2 53899 -23 10 0
1 53987 -30 0 0
3 54001 -24 10 10
4 54034 9 0 10
2 54146 -23 10 0
1 54239 -30 0 0
3 54251 -25 10 10
4 54282 9 0 10
2 54399 -21 10 0
1 54485 -29 0 0
2 54649 -22 10 0
1 54740 -29 0 0
3 54749 -25 10 10
4 54787 9 0 10
2 54893 -22 10 0
1 54990 -30 0 0
3 55000 -24 10 10
4 55037 9 0 10
2 55143 -23 10 0
1 55232 -31 0 0
3 55253 -25 10 10
4 55291 8 0 10
2 55397 -22 10 0
1 55487 -31 0 0
3 55500 -25 10 10
4 55535 9 0 10
2 55642 -22 10 0
1 55733 -30 0 0
3 55750 -25 10 10
4 55789 8 0 10
2 55900 -22 10 0
1 55989 -30 0 0
3 55998 -24 10 10
4 56036 9 0 10
2 56148 -23 10 0
1 56239 -30 0 0
3 56248 -25 10 10
4 56289 9 0 10
2 56394 -23 10 0
1 56489 -32 0 0
4 56647 9 0 10
1 56738 -31 0 0
3 56746 -24 10 10
4 56783 9 0 10
2 56897 -21 10 0
1 56984 -31 0 0
3 57001 -24 10 10
4 57038 9 0 10
2 57147 -23 10 0
1 57234 -31 0 0
3 57249 -25 10 10
4 57284 9 0 10
2 57399 -22 10 0
1 57486 -31 0 0
3 57500 -25 10 10
4 57539 9 0 10
2 57646 -21 10 0
1 57737 -32 0 0
3 57752 -25 10 10
4 57791 9 0 10
2 57900 -22 10 0
1 57983 -32 0 0
3 58003 -25 10 10
4 58041 9 0 10
2 58143 -23 10 0
1 58233 -31 0 0
3 58247 -25 10 10
4 58291 9 0 10
2 58396 -23 10 0
1 58491 -31 0 0
2 58649 -23 10 0
1 58736 -32 0 0
3 58754 -27 10 10
4 58790 9 0 10
2 58900 -21 10 0
1 58990 -31 0 0
3 59004 -25 10 10
4 59036 9 0 10
2 59148 -21 10 0
1 59241 -31 0 0
3 59249 -27 10 10
4 59285 9 0 10
2 59398 -21 10 0
1 59484 -32 0 0
3 59496 -25 10 10
4 59536 9 0 10
2 59647 -23 10 0
1 59740 -32 0 0
3 59747 -25 10 10
4 59786 9 0 10
2 59899 -21 10 0
1 59988 -33 0 0
3 59997 -25 10 10
4 60041 11 0 10
2 60147 -21 10 0
1 60234 -32 0 0
3 60253 -25 10 10
4 60283 9 0 10
2 60399 -23 10 0
1 60487 -31 0 0
2 60649 -21 10 0
1 60739 -33 0 0
3 60752 -25 10 10
4 60787 9 0 10
2 60894 -21 10 0
1 60985 -33 0 0
3 60997 -25 10 10
4 61038 9 0 10
2 61145 -23 10 0
1 61232 -33 0 0
3 61247 -26 10 10
4 61291 9 0 10
2 61397 -21 10 0
1 61489 -33 0 0
3 61502 -26 10 10
4 61541 9 0 10
2 61642 -21 10 0
1 61738 -33 0 0
3 61753 -25 10 10
4 61788 9 0 10
2 61900 -22 10 0
1 61983 -33 0 0
3 61999 -25 10 10
4 62037 9 0 10
2 62150 -23 10 0
1 62237 -33 0 0
3 62246 -26 10 10
4 62286 9 0 10
2 62395 -22 10 0
1 62488 -33 0 0
2 62649 -22 10 0
1 62736 -32 0 0
3 62751 -25 10 10
4 62787 11 0 10
2 62894 -23 10 0
1 62991 -33 0 0
3 63001 -26 10 10
4 63037 9 0 10
2 63143 -22 10 0
1 63234 -33 0 0
3 63252 -25 10 10
4 63285 9 0 10
2 63395 -21 10 0
1 63487 -36 0 0
3 63502 -26 10 10
4 63536 9 0 10
2 63649 -21 10 0
1 63735 -36 0 0
3 63752 -27 10 10
4 63789 9 0 10
2 63897 -23 10 0
1 63991 -33 0 0
3 64002 -31 10 10
4 64036 9 0 10
2 64142 -23 10 0
1 64238 -33 0 0
3 64250 -29 10 10
4 64286 11 0 10
2 64395 -22 10 0
1 64490 -31 0 0
2 64649 -21 10 0
1 64735 -34 0 0
3 64755 -23 10 10
4 64784 9 0 10
2 64895 -23 10 0
1 64985 -33 0 0
3 64997 -27 10 10
4 65040 9 0 10
2 65142 -23 10 0
1 65240 -33 0 0
3 65251 -26 10 10
4 65282 9 0 10
2 65396 -23 10 0
1 65486 -32 0 0
3 65504 -24 10 10
4 65537 9 0 10