0 0 0 0 0 0
1 0 0 4902 0 0
1 0 1 5019 5 1
1 1 0 5019 0 0
1 1 1 5040 5 3
2 0 0 6902 0 0
2 0 1 7018 5 1
2 1 0 7019 0 0
2 1 1 7040 5 3
3 0 0 8902 0 0
3 0 1 9019 5 1
3 1 0 9019 0 0
3 1 1 9041 5 3
4 0 0 10902 0 0
4 0 1 11019 5 1
4 1 0 11019 0 0
4 1 1 11041 5 3
5 0 0 12903 0 0
5 0 1 13019 5 0
5 1 0 13020 0 0
5 1 1 13042 5 3
6 0 0 14903 0 0
6 0 1 15019 5 1
6 1 0 15019 0 0
6 1 1 15041 5 3
7 0 0 16902 0 0
7 0 1 17019 5 1
7 1 0 17019 0 0
7 1 1 17040 5 3
8 0 0 18902 0 0
8 0 1 19020 5 1
8 1 0 19020 0 0
8 1 1 19041 5 3
9 0 0 20902 0 0
9 0 1 21019 5 1
9 1 0 21019 0 0
9 1 1 21041 5 3
10 0 0 22902 0 0
10 0 1 23019 5 1
10 1 0 23019 0 0
10 1 1 23041 5 3
11 0 0 24902 0 0
11 0 1 25020 5 1
11 1 0 25020 0 0
11 1 1 25041 5 3
12 0 0 26902 0 0
12 0 1 27020 5 0
12 1 0 27020 0 0
12 1 1 27042 5 3
13 0 0 28902 0 0
13 0 1 29021 5 0
13 1 0 29021 0 0
13 1 1 29042 5 2
14 0 0 30903 0 0
14 0 1 31022 5 0
14 1 0 31022 0 0
14 1 1 31043 5 3
15 0 0 32903 0 0
15 0 1 33021 5 1
15 1 0 33021 0 0
15 1 1 33042 5 3
16 0 0 34902 0 0
16 0 1 35019 5 1
16 1 0 35019 0 0
16 1 1 35040 5 3
17 0 0 36902 0 0
17 0 1 37019 5 1
17 1 0 37019 0 0
17 1 1 37040 5 3
18 0 0 38902 0 0
18 0 1 39019 5 1
18 1 0 39019 0 0
18 1 1 39040 5 3
19 0 0 40902 0 0
19 0 1 41019 5 2
19 1 0 41019 0 0
19 1 1 41040 5 3
20 0 0 42903 0 0
20 0 1 43019 5 2
20 1 0 43019 0 0
20 1 1 43041 5 3
21 0 0 44902 0 0
21 0 1 45019 5 1
21 1 0 45019 0 0
21 1 1 45040 5 3
22 0 0 46902 0 0
22 0 1 47018 5 0
22 1 0 47018 0 0
22 1 1 47040 5 3
23 0 0 48902 0 0
23 0 1 49019 5 1
23 1 0 49019 0 0
23 1 1 49040 5 3
24 0 0 50902 0 0
24 0 1 51019 5 1
24 1 0 51020 0 0
24 1 1 51041 5 3
25 0 0 52904 0 0
25 0 1 53020 5 1
25 1 0 53020 0 0
25 1 1 53042 5 3
26 0 0 54902 0 0
26 0 1 55019 5 1
26 1 0 55019 0 0
26 1 1 55041 5 3
27 0 0 56902 0 0
27 0 1 57019 5 1
27 1 0 57019 0 0
27 1 1 57040 5 3
28 0 0 58902 0 0
28 0 1 59017 5 1
28 1 0 59017 0 0
28 1 1 59040 5 3
29 0 0 60902 0 0
29 0 1 61019 5 1
29 1 0 61019 0 0
29 1 1 61040 5 3
30 0 0 62902 0 0
30 0 1 63018 5 2
30 1 0 63018 0 0
30 1 1 63040 5 3
31 0 0 64903 0 0
31 0 1 65022 5 1
31 1 0 65022 0 0
31 1 1 65043 5 3
10 0 0 0 0 0
1 0 0 7580 0 0
1 0 1 7703 9 0
1 1 0 7703 0 0
1 1 1 7724 9 0
2 0 0 9581 0 0
2 0 1 9704 9 0
2 1 0 9704 0 0
2 1 1 9725 9 0
3 0 0 11580 0 0
3 0 1 11703 9 0
3 1 0 11703 0 0
3 1 1 11724 9 0
4 0 0 13580 0 0
4 0 1 13702 9 0
4 1 0 13702 0 0
4 1 1 13724 9 0
5 0 0 15581 0 0
5 0 1 15704 9 0
5 1 0 15704 0 0
5 1 1 15725 9 0
6 0 0 17580 0 0
6 0 1 17703 9 0
6 1 0 17703 0 0
6 1 1 17724 9 0
7 0 0 19580 0 0
7 0 1 19703 9 0
7 1 0 19703 0 0
7 1 1 19724 9 0
8 0 0 21580 0 0
8 0 1 21702 9 0
8 1 0 21702 0 0
8 1 1 21724 9 0
9 0 0 23580 0 0
9 0 1 23703 9 0
9 1 0 23703 0 0
9 1 1 23724 9 0
10 0 0 25580 0 0
10 0 1 25702 9 0
10 1 0 25702 0 0
10 1 1 25724 9 0
11 0 0 27581 0 0
11 0 1 27704 9 0
11 1 0 27704 0 0
11 1 1 27726 9 0
12 0 0 29580 0 0
12 0 1 29703 9 0
12 1 0 29703 0 0
12 1 1 29724 9 0
13 0 0 31580 0 0
13 0 1 31703 9 0
13 1 0 31703 0 0
13 1 1 31725 9 0
14 0 0 33580 0 0
14 0 1 33703 9 0
14 1 0 33703 0 0
14 1 1 33725 9 0
15 0 0 35580 0 0
15 0 1 35703 9 0
15 1 0 35703 0 0
15 1 1 35724 9 0
16 0 0 37580 0 0
16 0 1 37703 9 0
16 1 0 37703 0 0
16 1 1 37725 9 0
17 0 0 39580 0 0
17 0 1 39703 9 0
17 1 0 39703 0 0
17 1 1 39725 9 0
18 0 0 41581 0 0
18 0 1 41704 9 0
18 1 0 41704 0 0
18 1 1 41726 9 0
19 0 0 43581 0 0
19 0 1 43705 9 0
19 1 0 43705 0 0
19 1 1 43727 9 0
20 0 0 45580 0 0
20 0 1 45703 9 0
20 1 0 45703 0 0
20 1 1 45725 9 0
21 0 0 47580 0 0
21 0 1 47703 9 0
21 1 0 47704 0 0
21 1 1 47725 9 0
22 0 0 49580 0 0
22 0 1 49703 9 0
22 1 0 49703 0 0
22 1 1 49725 9 0
23 0 0 51580 0 0
23 0 1 51703 9 0
23 1 0 51703 0 0
23 1 1 51725 9 1
24 0 0 53580 0 0
24 0 1 53703 9 0
24 1 0 53703 0 0
24 1 1 53725 9 0
25 0 0 55580 0 0
25 0 1 55703 9 0
25 1 0 55703 0 0
25 1 1 55725 9 0
26 0 0 57581 0 0
26 0 1 57704 9 0
26 1 0 57704 0 0
26 1 1 57726 9 1
27 0 0 59581 0 0
27 0 1 59704 9 0
27 1 0 59704 0 0
27 1 1 59726 9 1
28 0 0 61580 0 0
28 0 1 61703 9 0
28 1 0 61703 0 0
28 1 1 61725 9 1
29 0 0 63580 0 0
29 0 1 63703 9 0
29 1 0 63703 0 0
29 1 1 63725 9 1
30 0 0 65581 0 0
30 0 1 65705 9 0
30 1 0 65705 0 0
30 1 1 65726 9 1
31 0 0 67580 0 0
31 0 1 67703 9 0
31 1 0 67703 0 0
31 1 1 67725 9 1
10 10 0 0 0 0
1 0 0 4419 0 0
1 0 1 4543 9 9
1 1 0 4543 0 0
1 1 1 4565 9 9
2 0 0 6420 0 0
2 0 1 6544 10 9
2 1 0 6544 0 0
2 1 1 6565 9 9
3 0 0 8419 0 0
3 0 1 8543 9 9
3 1 0 8543 0 0
3 1 1 8564 9 9
4 0 0 10420 0 0
4 0 1 10544 9 9
4 1 0 10544 0 0
4 1 1 10566 9 9
5 0 0 12419 0 0
5 0 1 12543 9 9
5 1 0 12543 0 0
5 1 1 12565 9 9
6 0 0 14420 0 0
6 0 1 14544 9 9
6 1 0 14544 0 0
6 1 1 14566 9 9
7 0 0 16419 0 0
7 0 1 16543 9 9
7 1 0 16543 0 0
7 1 1 16565 9 9
8 0 0 18419 0 0
8 0 1 18543 9 9
8 1 0 18543 0 0
8 1 1 18565 9 9
9 0 0 20420 0 0
9 0 1 20546 9 9
9 1 0 20546 0 0
9 1 1 20567 9 9
10 0 0 22419 0 0
10 0 1 22544 9 9
10 1 0 22544 0 0
10 1 1 22566 9 9
11 0 0 24419 0 0
11 0 1 24543 9 9
11 1 0 24543 0 0
11 1 1 24565 9 9
12 0 0 26419 0 0
12 0 1 26543 9 9
12 1 0 26543 0 0
12 1 1 26565 9 9
13 0 0 28419 0 0
13 0 1 28543 9 9
13 1 0 28543 0 0
13 1 1 28565 9 9
14 0 0 30419 0 0
14 0 1 30543 9 9
14 1 0 30543 0 0
14 1 1 30565 9 9
15 0 0 32419 0 0
15 0 1 32543 9 9
15 1 0 32543 0 0
15 1 1 32565 9 9
16 0 0 34419 0 0
16 0 1 34543 9 9
16 1 0 34543 0 0
16 1 1 34565 9 9
17 0 0 36419 0 0
17 0 1 36543 9 9
17 1 0 36543 0 0
17 1 1 36565 9 9
18 0 0 38420 0 0
18 0 1 38544 9 9
18 1 0 38544 0 0
18 1 1 38566 9 9
19 0 0 40419 0 0
19 0 1 40543 9 9
19 1 0 40543 0 0
19 1 1 40565 9 9
20 0 0 42420 0 0
20 0 1 42544 9 9
20 1 0 42544 0 0
20 1 1 42566 9 9
21 0 0 44419 0 0
21 0 1 44543 9 9
21 1 0 44543 0 0
21 1 1 44565 9 9
22 0 0 46419 0 0
22 0 1 46543 9 9
22 1 0 46543 0 0
22 1 1 46565 9 9
23 0 0 48421 0 0
23 0 1 48545 9 9
23 1 0 48545 0 0
23 1 1 48567 9 9
24 0 0 50419 0 0
24 0 1 50543 9 9
24 1 0 50543 0 0
24 1 1 50565 9 9
25 0 0 52419 0 0
25 0 1 52543 9 9
25 1 0 52543 0 0
25 1 1 52565 9 9
26 0 0 54420 0 0
26 0 1 54544 9 9
26 1 0 54545 0 0
26 1 1 54566 9 9
27 0 0 56419 0 0
27 0 1 56543 9 9
27 1 0 56543 0 0
27 1 1 56565 9 9
28 0 0 58419 0 0
28 0 1 58543 9 9
28 1 0 58543 0 0
28 1 1 58565 9 9
29 0 0 60419 0 0
29 0 1 60543 9 9
29 1 0 60543 0 0
29 1 1 60565 9 9
30 0 0 62419 0 0
30 0 1 62543 9 9
30 1 0 62543 0 0
30 1 1 62565 9 9
31 0 0 64419 0 0
31 0 1 64543 9 9
31 1 0 64543 0 0
31 1 1 64565 9 9
0 10 0 0 0 0
1 0 0 4497 0 0
1 0 1 4622 1 9
1 1 0 4622 0 0
1 1 1 4643 1 9
2 0 0 6496 0 0
2 0 1 6619 1 9
2 1 0 6619 0 0
2 1 1 6641 1 9
3 0 0 8496 0 0
3 0 1 8619 1 9
3 1 0 8619 0 0
3 1 1 8641 1 9
4 0 0 10496 0 0
4 0 1 10619 1 9
4 1 0 10619 0 0
4 1 1 10641 1 9
5 0 0 12496 0 0
5 0 1 12619 1 9
5 1 0 12619 0 0
5 1 1 12641 1 9
6 0 0 14496 0 0
6 0 1 14620 1 9
6 1 0 14620 0 0
6 1 1 14641 1 9
7 0 0 16496 0 0
7 0 1 16619 1 9
7 1 0 16619 0 0
7 1 1 16641 1 9
8 0 0 18496 0 0
8 0 1 18619 1 9
8 1 0 18619 0 0
8 1 1 18641 1 9
9 0 0 20496 0 0
9 0 1 20619 1 9
9 1 0 20619 0 0
9 1 1 20641 1 9
10 0 0 22496 0 0
10 0 1 22619 2 1
10 1 0 22619 0 0
10 1 1 22641 1 9
11 0 0 24496 0 0
11 0 1 24619 9 8
11 1 0 24619 0 0
11 1 1 24641 1 9
12 0 0 26497 0 0
12 0 1 26620 1 9
12 1 0 26620 0 0
12 1 1 26642 1 9
13 0 0 28496 0 0
13 0 1 28619 1 9
13 1 0 28619 0 0
13 1 1 28641 1 9
14 0 0 30496 0 0
14 0 1 30619 1 9
14 1 0 30619 0 0
14 1 1 30641 1 9
15 0 0 32497 0 0
15 0 1 32620 1 9
15 1 0 32620 0 0
15 1 1 32642 1 9
16 0 0 34496 0 0
16 0 1 34619 1 9
16 1 0 34619 0 0
16 1 1 34641 1 9
17 0 0 36496 0 0
17 0 1 36619 1 9
17 1 0 36619 0 0
17 1 1 36641 1 9
18 0 0 38497 0 0
18 0 1 38620 1 9
18 1 0 38621 0 0
18 1 1 38642 1 9
19 0 0 40496 0 0
19 0 1 40619 1 9
19 1 0 40619 0 0
19 1 1 40641 1 9
20 0 0 42496 0 0
20 0 1 42619 9 8
20 1 0 42619 0 0
20 1 1 42641 1 9
21 0 0 44496 0 0
21 0 1 44619 1 9
21 1 0 44619 0 0
21 1 1 44641 1 9
22 0 0 46496 0 0
22 0 1 46620 1 9
22 1 0 46620 0 0
22 1 1 46641 1 9
23 0 0 48496 0 0
23 0 1 48620 1 9
23 1 0 48620 0 0
23 1 1 48642 1 9
24 0 0 50496 0 0
24 0 1 50620 1 9
24 1 0 50620 0 0
24 1 1 50642 1 9
25 0 0 52496 0 0
25 0 1 52620 1 9
25 1 0 52620 0 0
25 1 1 52641 1 9
26 0 0 54496 0 0
26 0 1 54620 1 9
26 1 0 54620 0 0
26 1 1 54642 1 9
27 0 0 56496 0 0
27 0 1 56620 1 9
27 1 0 56620 0 0
27 1 1 56642 1 9
28 0 0 58496 0 0
28 0 1 58620 1 9
28 1 0 58620 0 0
28 1 1 58642 1 9
29 0 0 60496 0 0
29 0 1 60619 9 8
29 1 0 60619 0 0
29 1 1 60641 1 9
30 0 0 62496 0 0
30 0 1 62619 9 8
30 1 0 62620 0 0
30 1 1 62641 1 9
31 0 0 64496 0 0
31 0 1 64620 1 9
31 1 0 64620 0 0
31 1 1 64641 1 9